#analysisID	Barcode	SampleID	DNAID	Pool	ng DNA	AREA	Latitude	Longitude	Size_cm	Weight_g	Sex	year	month	Date	Total (R1+R2)	RADTag (R1+R2)	GoodQual (R1+R2)	BothPairs present	NoPCRdup	% retained	RetainedReads_M2	Tags_M2	Alleles_M2	SNPs_M2	matches_M2	RetainedReads_M2	Tags_M4	Alleles_M4	SNPs_M4	matches_M4
A0002	AACCC	IM18GECKA/01/052	IM18GECKA/01/052_a	GECKA01	500	A	59,58	3,82	60	3260	1	2018	July	30/07/2018	9373564	9299792	8713413	4084660	3445021	73,50504035	3292965	55354	8837	4921	55079	3301372	55247	9281	5517	54958
A0004	AATTT	IM18GECKA/01/049	IM18GECKA/01/049_a	GECKA01	500	A	57,86	2,59	45	1378	1	2018	July	29/07/2018	6775346	6329360	5919296	2611226	2260005	66,71260774	2167674	48274	8266	4653	48049	2172807	48213	8591	5145	47981
A0005	ACGTA	IM18GECKA/01/054	IM18GECKA/01/054_a	GECKA01	500	A	59,81	2,11	56	2470	1	2018	July	31/07/2018	6363906	6247487	5856268	2720056	2330951	73,25535607	2232921	46948	7917	4454	46723	2238053	46897	8205	4924	46660
A0006	AGCTG	IM18GECKA/03/142	IM18GECKA/03/142_a	GECKA01	500	A	53,96	0,26	42,5	1187	1	2018	August	14/08/2018	7356778	7032173	6584441	2976616	2526954	68,697302	2440094	49162	8256	4650	48938	2446083	49112	8529	5127	48880
A0010	CACAG	IM18GECKA/03/150	IM18GECKA/03/150_a	GECKA01	500	A	57,38	-1,2	30,9	575	1	2018	August	22/08/2018	5061214	4802060	4525834	2051573	1775651	70,16699946	1608262	52324	8398	4755	52099	1613030	52206	8711	5271	51967
A0011	CAGTC	IM18GECKA/03/176	IM18GECKA/03/176_a	GECKA01	500	A	61,18	1,28	8,4	11	0	2018	September	01/09/2018	10120510	9995508	9315372	4322080	3639113	71,91560504	3488071	64704	8918	5022	64424	3495076	64593	9303	5609	64297
A0016	CTTCC	IM18GECKA/01/050	IM18GECKA/01/050_a	GECKA01	500	A	58,81	2,42	26	304	2	2018	July	29/07/2018	6049370	5856468	5507877	2533689	2182997	72,17270559	2090259	48243	8153	4563	48037	2094918	48169	8394	5015	47947
A0022	GGCCT	IM18GECKA/03/147	IM18GECKA/03/147_a	GECKA01	500	A	55,52	4,58	48	3030	2	2018	August	17/08/2018	7799122	7333461	6887338	3068989	2621044	67,21382227	2516417	51004	8200	4600	50775	2522619	50924	8475	5114	50679
A0033	AAAAA	IM18GECKA/03/191	IM18GECKA/03/191_a	GECKA02	500	A	60,35	1,21	63	4330	1	2018	September	03/09/2018	9471608	9282597	8752370	4081522	3341757	70,56366775	3256320	48068	8272	4593	47819	3263856	48045	8482	4994	47794
A0035	AAGGG	IM18GECKA/03/166	IM18GECKA/03/166_a	GECKA02	500	A	59,32	1,69	53,9	2681	1	2018	August	30/08/2018	6225312	5872083	5611526	2548975	2113456	67,89879768	1928410	53946	8420	4757	53698	1934901	53853	8651	5190	53590
A0036	AATTT	IM18GECKA/03/098	IM18GECKA/03/098_a	GECKA02	500	A	55,52	4,58	44	1431	2	2018	February	19/02/2018	5878984	5367114	5091062	2216656	1875089	63,78955956	1776644	48250	7925	4472	48055	1781047	48198	8183	4918	47993
A0039	ATGCT	IM18GECKA/01/056	IM18GECKA/01/056_a	GECKA02	500	A	59,81	2,56	51	1930	1	2018	July	31/07/2018	6348674	6096486	5735857	2612983	2205400	69,47592521	2154139	46855	7870	4418	46653	2158991	46796	8071	4843	46583
A0048	CTTCC	IM18GECKA/03/180	IM18GECKA/03/180_a	GECKA02	500	A	61,19	0,31	9,4	13,8	0	2018	September	01/09/2018	11795848	11417934	10785292	4969922	4023832	68,22454816	3827391	106594	12221	6921	106209	3836456	106358	12830	7826	105969
A0051	GCGCC	IM18GECKA/03/179	IM18GECKA/03/179_a	GECKA02	500	A	61,19	0,31	9,9	18	0	2018	September	01/09/2018	10294520	10035413	9433531	4355449	3595603	69,85469939	3453267	66979	9350	5289	66696	3461123	66907	9591	5815	66616
A0052	GCTAA	IM18GECKA/03/183	IM18GECKA/03/183_a	GECKA02	500	A	61,19	0,31	8,7	9,7	0	2018	September	01/09/2018	10316346	9648431	9163516	4093916	3349339	64,93266123	3114471	63275	9099	5147	63014	3124735	63187	9424	5707	62909
A0069	ACGTA	IM18GECKA/03/165	IM18GECKA/03/165_a	GECKA03	500	A	57,68	4,73	61,4	3293	1	2018	August	28/08/2018	4117164	3973333	3762674	1740123	1474600	71,63183201	1396223	45631	7256	4060	45381	1399684	45563	7439	4410	45303
A0070	AGCTG	IM18GECKA/03/167	IM18GECKA/03/167_a	GECKA03	500	A	59,32	1,69	54,4	2442	2	2018	August	30/08/2018	8167638	7812597	7335176	3335741	2788371	68,27851577	2694122	51477	9303	5228	51218	2698613	51430	9500	5664	51162
A0077	CCAAC	IM18GECKA/03/182	IM18GECKA/03/182_a	GECKA03	500	A	61,19	0,31	9,9	13	0	2018	September	01/09/2018	9005882	8892658	8296554	3876943	3256157	72,31178468	3101077	88959	10453	5946	88656	3105887	88786	10799	6593	88457
A0115	GCGCC	IM18GECKA/01/053	IM18GECKA/01/053_a	GECKA04	250	A	59,94	3,72	61	2690	2	2018	July	30/07/2018	7874116	7682005	7147501	3266395	2928090	74,37253909	2832196	49620	8094	4520	49394	2841402	49575	8351	4984	49339
A0117	GGAAG	IM18GECKA/01/051	IM18GECKA/01/051_a	GECKA04	250	A	59,58	3,82	59	3444	1	2018	July	30/07/2018	6952144	6750065	6273110	2853081	2569311	73,91420546	2492075	48604	8193	4587	48383	2498891	48527	8461	5068	48295
A0130	AACCC	IM18GECKA/01/058	IM18GECKA/01/058_a	GECKA05	500	A	59,9	1,76	69	4470	1	2018	August	01/08/2018	8630934	8521962	7926239	3660990	3163675	73,31014233	3027241	48022	8396	4701	47791	3036264	47986	8696	5189	47749
A0135	ATGCT	IM18GECKA/01/055	IM18GECKA/01/055_a	GECKA05	500	A	59,81	2,11	66	3570	2	2018	July	31/07/2018	4490468	4307024	3979310	1774865	1578201	70,29115896	1530040	47363	7888	4428	47169	1534540	47302	8056	4817	47100
A0141	CCAAC	IM18GECKA/03/184	IM18GECKA/03/184_a	GECKA05	600	A	61,19	0,31	8,7	10	0	2018	September	01/09/2018	6819910	6550084	6130549	2776808	2412558	70,75043512	2319225	46958	8192	4583	46736	2326480	46889	8444	5008	46651
A0145	GCATT	IM18GECKA/01/004	IM18GECKA/01/004_a	GECKA05	500	A	57,18	-1,55	12	35	0	2018	February	10/02/2018	5506438	5140415	4735073	2050148	1813486	65,86784415	1778668	46530	7934	4460	46336	1783481	46463	8140	4862	46254
A0147	GCGCC	IM18GECKA/01/068	IM18GECKA/01/068_a	GECKA05	500	A	58,66	1,09	64	4484	1	2018	August	05/08/2018	5147824	4993045	4646406	2110563	1866034	72,49797196	1795898	56308	8915	5113	56069	1801945	56156	9402	5797	55906
A0149	GGAAG	IM18GECKA/01/067	IM18GECKA/01/067_a	GECKA05	500	A	59,68	1,25	99	18800	2	2018	August	04/08/2018	4850268	4679394	4355925	1970138	1740822	71,78250769	1661001	48509	8012	4520	48305	1665957	48457	8267	4946	48242
A0154	TCTCT	IM18GECKA/01/074	IM18GECKA/01/074_a	GECKA05	500	A	55,54	0,78	54	2640	2	2018	August	12/08/2018	4838240	4662265	4332030	1952894	1738899	71,88146929	1641308	81624	13088	7879	81333	1646388	81096	13947	9450	80766
A0160	CTGAA	IM18GECKA/01/075	IM18GECKA/01/075_a	GECKA05	500	A	55,56	1,66	42	1325	2	2018	August	12/08/2018	6875122	6653533	6168966	2785367	2433589	70,79406009	2402033	46567	8047	4514	46357	2408768	46511	8288	4903	46295
A0181	GGAAG	IM18GECKA/01/061	IM18GECKA/01/061_a	GECKA06	250	A	61,16	1,08	69	4000	2	2018	August	02/08/2018	3960306	3844145	3594167	1651709	1503588	75,93292033	1476094	46122	7864	4435	45927	1479723	46063	7999	4791	45860
A0196	AATTT	IM18GECKA/03/181	IM18GECKA/03/181_a	GECKA07	500	A	61,19	0,31	9,7	12,4	0	2018	September	01/09/2018	4263386	3854728	3582272	1516076	1379898	64,73249197	1350838	45398	7130	4027	45203	1353248	45315	7348	4440	45106
A0197	ACGTA	IM18GECKA/03/185	IM18GECKA/03/185_a	GECKA07	500	A	61,19	0,31	8,7	10	0	2018	September	01/09/2018	5012864	4883247	4541794	2075238	1892913	75,52221644	1820761	46958	8117	4575	46758	1824548	46869	8403	5064	46662
A0205	CCAAC	IM18GECKA/01/066	IM18GECKA/01/066_a	GECKA07	500	A	59,28	1,19	56	2480	1	2018	August	04/08/2018	6497974	6407868	5915920	2712394	2444196	75,22947922	2390893	47362	8113	4532	47151	2394749	47280	8410	5021	47059
A0220	TGCAA	IM18GECKA/03/200	IM18GECKA/03/200_a	GECKA07	500	A	58,39	0,72	69,5	4813	1	2018	September	06/09/2018	6237818	6018209	5552603	2492998	2258672	72,41865665	2190987	52556	8572	4854	52344	2194946	52467	8917	5400	52238
A0222	TTGGC	IM18GECKA/01/005	IM18GECKA/01/005_a	GECKA07	500	A	56,63	-0,86	30	397	0	2018	February	11/02/2018	9341580	9263178	8583997	3967068	3525021	75,46948161	3414188	88502	16284	9961	88097	3421731	87784	17670	12271	87352
A0229	ACGTA	IM18GECKA/03/159	IM18GECKA/03/159_a	GECKA08	500	A	57,32	2,47	15,9	54	1	2018	August	26/08/2018	6966166	6886593	6386654	2945863	2626590	75,40991702	2581617	46798	8078	4524	46570	2585369	46749	8366	4967	46513
A0231	ATGCT	IM18GECKA/01/001	IM18GECKA/01/001_a	GECKA08	500	A	57,18	-1,55	20	141	0	2018	February	10/02/2018	4095878	3935678	3641760	1631290	1482967	72,41265487	1455087	45905	7779	4383	45715	1457217	45836	7983	4771	45634
A0237	CCAAC	IM18GECKA/01/003	IM18GECKA/01/003_a	GECKA08	500	A	57,18	-1,55	15	63,3	0	2018	February	10/02/2018	5129678	5046316	4673768	2144941	1931718	75,31537067	1879698	47492	7948	4450	47287	1882569	47411	8143	4877	47192
A0245	GGAAG	IM18GECKA/03/199	IM18GECKA/03/199_a	GECKA08	500	A	58,39	0,72	51,2	2228	2	2018	September	06/09/2018	2705946	2561857	2389549	1065030	968941	71,61569374	942799	42161	6182	3459	42013	944449	42068	6395	3829	41903
A0251	TGACC	IM18GECKA/03/192	IM18GECKA/03/192_a	GECKA08	500	A	60,35	1,21	66	4540	1	2018	September	03/09/2018	5535822	5373504	5019796	2292221	2055348	74,25628931	2017834	46479	7945	4445	46269	2021121	46415	8155	4854	46198
A0258	AACCC	IM18GECKA/01/002	IM18GECKA/01/002_a	GECKA09	500	A	57,18	-1,55	15	101	0	2018	February	10/02/2018	7757716	7712457	7093065	3283484	2831700	73,00344586	2763574	47621	8040	4504	47389	2767412	47554	8282	4974	47308
A0271	CTCTT	IM18GECKA/03/175	IM18GECKA/03/175_a	GECKA09	500	A	61,18	1,28	7,9	14	0	2018	September	01/09/2018	6940798	6335396	5865563	2504243	2148196	61,90054803	2107131	46554	7772	4364	46347	2110050	46499	7982	4767	46286
A0275	GCGCC	IM18GECKA/03/178	IM18GECKA/03/178_a	GECKA09	500	A	61,25	0,56	8,5	12	0	2018	September	01/09/2018	6623790	6402738	6003156	2749998	2349771	70,94944133	2279241	47020	8037	4481	46800	2284097	46975	8228	4852	46749
B0026	TCTCT	IM18GECKA/01/038	IM18GECKA/01/038_a	GECKA01	600	B	56,92	-6	44	1540	2	2018	November	30/11/2018	2279252	2199462	2105215	980593	841383	73,82974765	772264	45202	7318	4059	45005	775526	45113	7511	4427	44904
B0028	TGCAA	IM18GECKA/01/041	IM18GECKA/01/041_a	GECKA01	600	B	56,92	-6	37	946	1	2018	November	30/11/2018	5099890	4940896	4719293	2199219	1813020	71,10035707	1675912	54313	8263	4646	54120	1681352	54227	8489	5101	54021
B0044	CATGA	IM18GECKA/01/034	IM18GECKA/01/034_a	GECKA02	500	B	56,22	-7,29	39	861	1	2018	November	29/11/2018	10506354	10129865	9568653	4400030	3620287	68,91614351	3342306	63300	9147	5181	63012	3350897	63168	9475	5734	62863
B0061	TGGTT	IM18GECKA/01/039	IM18GECKA/01/039_a	GECKA02	600	B	56,92	-6	58	2740	2	2018	November	30/11/2018	2508450	2313712	2225259	991098	824885	65,76850246	774396	45085	6932	3871	44889	777014	44991	7127	4240	44784
B0102	AGCTG	IM18GECKA/02/101	IM18GECKA/02/101_a	GECKA04	250	B	56,18	-9,26	64	N/A	0	2018	April	13/04/2018	5160984	4947646	4560392	2030868	1859521	72,06071555	1815274	47187	7821	4399	46986	1820496	47104	8042	4822	46890
B0103	ATGCT	IM18GECKA/02/099	IM18GECKA/02/099_a	GECKA04	250	B	56,18	-9,26	56	N/A	0	2018	April	13/04/2018	3548678	3429484	3156214	1413954	1307688	73,70000885	1294053	45726	7713	4328	45543	1297450	45652	7875	4702	45457
B0104	ATTAG	IM18GECKA/02/118	IM18GECKA/02/118_a	GECKA04	250	B	57,7	-9,62	78	N/A	0	2018	April	15/04/2018	4430016	4329747	3999151	1819321	1668925	75,346229	1646215	46042	7796	4353	45840	1650660	45976	7987	4719	45761
B0110	CTAGG	IM18GECKA/02/098	IM18GECKA/02/098_a	GECKA04	250	B	55,59	-9,56	81	N/A	0	2018	April	13/04/2018	3930734	3772565	3483158	1557817	1451618	73,85989487	1425174	60286	31807	21598	59976	1429817	56995	38413	32986	56667
B0111	CTCTT	IM18GECKA/02/104	IM18GECKA/02/104_a	GECKA04	250	B	56,57	-9,16	70	N/A	0	2018	April	14/04/2018	5969156	5459026	5021792	2125292	1941877	65,06370415	1906133	46654	8047	4505	46455	1911406	46593	8244	4898	46383
B0119	GGGGA	IM18GECKA/02/116	IM18GECKA/02/116_a	GECKA04	250	B	57,7	-9,62	62	N/A	0	2018	April	15/04/2018	5792570	5707082	5268117	2410708	2196409	75,83538913	2146444	47565	8095	4527	47339	2152157	47494	8355	4975	47259
B0120	GGTTC	IM18GECKA/02/102	IM18GECKA/02/102_a	GECKA04	250	B	56,57	-9,16	93	N/A	0	2018	April	14/04/2018	5120406	5035752	4655868	2131929	1947684	76,07537371	1909699	46488	7998	4473	46279	1914864	46400	8249	4972	46186
B0123	TGACC	IM18GECKA/01/108	IM18GECKA/01/108_a	GECKA04	250	B	55,9	-15,26	100	17700	2	2018	September	24/09/2018	5076718	4884783	4507117	2018209	1849143	72,84796989	1791798	46286	7941	4439	46082	1797152	46221	8218	4894	46007
B0133	ACGTA	IM18GECKA/01/126	IM18GECKA/01/126_a	GECKA05	500	B	56,59	-14,72	70	5570	1	2018	September	25/09/2018	5105020	5060604	4664276	2141739	1900053	74,43861141	1867464	46539	8071	4522	46352	1872423	46458	8313	4936	46262
B0153	TCAGA	IM18GECKA/02/109	IM18GECKA/02/109_a	GECKA05	500	B	56,87	-9,07	58	N/A	0	2018	April	14/04/2018	5258156	5174462	4778893	2185144	1928246	73,3430503	1902859	46269	7901	4433	46082	1908071	46198	8157	4907	46003
B0155	TGACC	IM18GECKA/01/101	IM18GECKA/01/101_a	GECKA05	500	B	57,19	-13,71	73	5150	2	2018	September	23/09/2018	4945042	4738377	4378233	1952597	1734047	70,13275115	1665573	46837	7964	4466	46633	1670469	46752	8230	4901	46536
B0161	AAAAA	IM18GECKA/02/119	IM18GECKA/02/119_a	GECKA06	250	B	57,7	-9,62	53	N/A	0	2018	April	15/04/2018	4763206	4670684	4355232	2019955	1825664	76,65694072	1779234	47033	7866	4410	46816	1783696	46935	8097	4841	46716
B0163	AAGGG	IM18GECKA/02/107	IM18GECKA/02/107_a	GECKA06	250	B	56,62	-9,03	63	N/A	0	2018	April	14/04/2018	4304526	4183269	3915255	1803569	1639220	76,16262511	1608687	46374	8101	4564	46164	1612942	46307	8295	4941	46090
B0166	AGCTG	IM18GECKA/02/114	IM18GECKA/02/114_a	GECKA06	250	B	57,64	-9,7	50	N/A	0	2018	April	15/04/2018	3794260	3597520	3355900	1501137	1368786	72,15035343	1355471	45522	7375	4146	45324	1359020	45437	7568	4514	45231
B0167	ATGCT	IM18GECKA/02/115	IM18GECKA/02/115_a	GECKA06	250	B	57,64	-9,7	74	N/A	0	2018	April	15/04/2018	3262696	3135998	2923144	1324704	1215696	74,52094832	1196956	45817	7587	4284	45626	1199867	45732	7682	4613	45529
B0171	CAGTC	IM18GECKA/02/108	IM18GECKA/02/108_a	GECKA06	250	B	56,87	-9,07	76	N/A	0	2018	April	14/04/2018	4298574	4223295	3939551	1826348	1658826	77,18029281	1641779	46084	7779	4366	45880	1645612	46003	7900	4721	45786
B0173	CCAAC	IM18GECKA/02/112	IM18GECKA/02/112_a	GECKA06	250	B	57,05	-9,24	91	N/A	0	2018	April	14/04/2018	4543088	4494097	4190744	1956630	1772558	78,03317919	1742712	46149	7801	4358	45935	1746892	46077	7945	4685	45860
B0174	CTAGG	IM18GECKA/02/096	IM18GECKA/02/096_a	GECKA06	250	B	55,59	-9,56	63	N/A	0	2018	April	13/04/2018	3644206	3489668	3260300	1477796	1352973	74,25337646	1330586	45960	7848	4417	45766	1334179	45897	7964	4758	45692
B0175	CTCTT	IM18GECKA/02/106	IM18GECKA/02/106_a	GECKA06	250	B	56,62	-9,03	55	N/A	0	2018	April	14/04/2018	5307006	4898850	4568199	1983507	1799153	67,80293823	1762238	46642	7842	4391	46438	1766890	46576	7996	4764	46365
B0177	GCATT	IM18GECKA/02/100	IM18GECKA/02/100_a	GECKA06	250	B	56,18	-9,26	52	N/A	0	2018	April	13/04/2018	4557390	4225822	3938262	1718239	1563844	68,62893016	1533192	46545	7691	4307	46339	1536787	46453	7877	4708	46236
B0183	GGGGA	IM18GECKA/02/111	IM18GECKA/02/111_a	GECKA06	250	B	57,05	-9,24	48	N/A	0	2018	April	14/04/2018	4109356	4027002	3764076	1744601	1589492	77,35966414	1539395	46696	7859	4448	46492	1543151	46636	8001	4846	46418
B0186	TCTCT	IM18GECKA/02/103	IM18GECKA/02/103_a	GECKA06	250	B	56,57	-9,16	48	N/A	0	2018	April	14/04/2018	4825368	4717942	4407447	2036949	1843580	76,41199593	1804175	46847	7812	4406	46628	1808794	46780	8008	4791	46555
B0189	TGGTT	IM18GECKA/02/113	IM18GECKA/02/113_a	GECKA06	250	B	57,05	-9,24	68	N/A	0	2018	April	14/04/2018	4729882	4465739	4171235	1860681	1690004	71,46072566	1643915	47052	7991	4466	46847	1648393	46980	8166	4842	46766
B0195	AAGGG	IM18GECKA/01/118	IM18GECKA/01/118_a	GECKA07	500	B	56,74	-14,72	67	4060	1	2018	September	25/09/2018	4978834	4838316	4466470	2019895	1840612	73,93747211	1819178	46311	7766	4347	46102	1822128	46256	8005	4771	46042
B0206	CTAGG	IM18GECKA/01/105	IM18GECKA/01/105_a	GECKA07	500	B	55,9	-15,26	68	3530	1	2018	September	24/09/2018	3629818	3461478	3188253	1413479	1302973	71,79274553	1267244	45966	7569	4267	45769	1269260	45902	7740	4614	45696
B0213	GGAAG	IM18GECKA/01/007	IM18GECKA/01/007_a	GECKA07	500	B	59,81	-5,18	70	4700	2	2018	November	16/11/2018	5300662	5129460	4724917	2123986	1934217	72,98020511	1899750	46244	7923	4449	46036	1902524	46188	8081	4816	45971
B0221	TGGTT	IM18GECKA/01/116	IM18GECKA/01/116_a	GECKA07	500	B	56,6	-15,14	69	3920	1	2018	September	24/09/2018	5270412	4968097	4562551	1994358	1821018	69,10344011	1793235	46350	7914	4421	46142	1796116	46260	8131	4835	46043
B0227	AAGGG	IM18GECKA/01/097	IM18GECKA/01/097_a	GECKA08	500	B	57,63	-14,1	73	4850	2	2018	September	23/09/2018	5800388	5635986	5251028	2394850	2147882	74,0599422	2113761	46403	7978	4458	46197	2117166	46342	8205	4867	46125
B0235	CAGTC	IM18GECKA/01/036	IM18GECKA/01/036_a	GECKA08	500	B	56,41	-7,67	51	1560	1	2018	November	29/11/2018	8130212	7975004	7432458	3422317	3032308	74,59357763	2904690	52189	8739	4921	51919	2909665	52147	9091	5469	51869
B0238	CTAGG	IM18GECKA/01/015	IM18GECKA/01/015_a	GECKA08	500	B	55,52	-8,89	50	2035	1	2018	November	21/11/2018	5743768	5408036	5062727	2249786	2045914	71,23943725	1945055	62447	33266	22424	62180	1950057	59127	40271	34015	58839
B0240	CTTCC	IM18GECKA/01/110	IM18GECKA/01/110_a	GECKA08	500	B	56,12	-15,11	69	3700	1	2018	September	24/09/2018	8175818	7861402	7324173	3309582	2930918	71,69724179	2837084	48495	8664	4868	48256	2841997	48432	9041	5389	48177
B0247	GGGGA	IM18GECKA/01/095	IM18GECKA/01/095_a	GECKA08	500	B	57,63	-13,38	89	9960	2	2018	September	22/09/2018	4891566	4796993	4462594	2049237	1848951	75,59750804	1786704	48630	7967	4453	48432	1789510	48543	8227	4919	48332
B0253	TGGTT	IM18GECKA/01/014	IM18GECKA/01/014_a	GECKA08	500	B	55,52	-8,89	45	1381	1	2018	November	21/11/2018	6422840	6047255	5623699	2484755	2224910	69,28119025	2157332	47452	8413	4681	47256	2161144	47373	8674	5155	47165
B0259	AAGGG	IM18GECKA/01/010	IM18GECKA/01/010_a	GECKA09	500	B	59,62	-6,2	105	16800	2	2018	November	17/11/2018	6995464	6751741	6263332	2839730	2455870	70,21321245	2372793	50345	8203	4617	50130	2375975	50269	8358	5013	50040
B0264	ATTAG	IM18GECKA/01/103	IM18GECKA/01/103_a	GECKA09	500	B	56,31	-15,8	87	7200	2	2018	September	24/09/2018	6113636	5940568	5482912	2491010	2165945	70,85619752	2117431	47129	8046	4488	46921	2120529	47057	8261	4908	46844
B0266	CACAG	IM18GECKA/01/020	IM18GECKA/01/020_a	GECKA09	500	B	55,66	-9,34	64	3330	2	2018	November	21/11/2018	5544124	5262495	4823951	2131621	1883987	67,96337889	1780528	84513	19713	11555	84016	1785913	83482	21030	13765	82934
B0269	CCAAC	IM18GECKA/01/008	IM18GECKA/01/008_a	GECKA09	500	B	59,81	-5,18	60	2790	1	2018	November	16/11/2018	9151672	8934697	8272386	3788900	3234459	70,68564083	3106093	57067	8694	4889	56812	3110461	56987	9051	5397	56726
B0277	GGAAG	IM18GECKA/01/009	IM18GECKA/01/009_a	GECKA09	500	B	59,81	-5,18	85	8260	2	2018	November	16/11/2018	5285678	5076313	4682543	2101618	1837001	69,50862311	1778375	48401	7908	4445	48200	1780565	48316	8110	4854	48105
C0003	AAGGG	IM18GECKA/03/063	IM18GECKA/03/063_a	GECKA01	500	C	49,62	-6,11	59	2843	1	2018	February	17/02/2018	7144276	6964223	6527490	3010424	2585531	72,38049034	2515979	47955	8123	4543	47732	2521763	47903	8392	5004	47669
C0007	ATGCT	IM18GECKA/03/050	IM18GECKA/03/050_a	GECKA01	500	C	48,86	-5,17	60	2940	1	2018	April	09/04/2018	5024088	4847037	4530134	2062198	1798479	71,59424755	1760934	46127	7865	4422	45944	1765057	46065	8052	4811	45871
C0019	GCGCC	IM18GECKA/03/060	IM18GECKA/03/060_a	GECKA01	500	C	49,62	-6,11	20	166	2	2018	February	17/02/2018	6212146	6038642	5672450	2614374	2266859	72,98151074	2123957	60583	8918	5031	60353	2129757	60476	9140	5503	60224
C0021	GGAAG	IM18GECKA/03/077	IM18GECKA/03/077_a	GECKA01	500	C	49,85	-5,95	36	797	1	2018	February	18/02/2018	6267904	6035498	5649059	2573456	2226583	71,04713155	2096964	58543	8589	4834	58300	2101836	58453	8872	5343	58191
C0027	TGACC	IM18GECKA/03/053	IM18GECKA/03/053_a	GECKA01	600	C	49,71	-4,05	43	1261	1	2018	February	16/02/2018	3510578	3377197	3198782	1472502	1291559	73,58098866	1200955	48794	7590	4249	48588	1204633	48688	7855	4700	48466
C0034	AACCC	IM18GECKA/03/086	IM18GECKA/03/086_a	GECKA02	500	C	49,85	-5,74	67	4730	1	2018	February	18/02/2018	9858784	9787756	9256959	4376486	3675689	74,56678227	3550843	65450	34017	22909	65032	3560173	62083	41288	34837	61630
C0041	CAACT	IM18GECKA/03/078	IM18GECKA/03/078_a	GECKA02	500	C	49,85	-5,95	38	1002	1	2018	February	18/02/2018	7116856	6322572	5973760	2509241	2146405	60,31891049	2067314	61364	32851	22206	60934	2073089	58045	39747	33845	57590
C0043	CAGTC	IM18GECKA/03/076	IM18GECKA/03/076_a	GECKA02	500	C	49,85	-5,95	38	1020	1	2018	February	18/02/2018	4954348	4757684	4516731	2078988	1763746	71,19992378	1660418	50190	8113	4551	49967	1664443	50123	8278	4977	49892
C0046	CTAGG	IM18GECKA/03/097	IM18GECKA/03/097_a	GECKA02	500	C	49,71	-5,37	66	3770	2	2018	February	19/02/2018	5630134	5368607	5074171	2306524	1955989	69,48285778	1863855	50594	8077	4501	50369	1868123	50524	8322	4942	50287
C0047	CTCTT	IM18GECKA/03/095	IM18GECKA/03/095_a	GECKA02	500	C	49,71	-5,37	40	945	2	2018	February	19/02/2018	8225962	7369769	6969025	2955181	2455646	59,70477374	2401195	46599	7922	4437	46412	2406510	46571	8120	4827	46376
C0049	GCATT	IM18GECKA/03/052	IM18GECKA/03/052_a	GECKA02	500	C	49,71	-4,05	55	2919	1	2018	February	16/02/2018	5669722	5103642	4838161	2070625	1745047	61,55670419	1714042	46018	7872	4416	45811	1718063	45968	8025	4774	45754
C0073	CAACT	IM18GECKA/03/096	IM18GECKA/03/096_a	GECKA03	500	C	49,71	-5,37	51	2148	2	2018	February	19/02/2018	4998670	4198036	3929600	1528420	1319034	52,77539826	1249302	46953	7647	4298	46766	1251569	46864	7812	4730	46661
C0074	CACAG	IM18GECKA/03/051	IM18GECKA/03/051_a	GECKA03	500	C	49,71	-4,05	43	1192	1	2018	February	16/02/2018	5225456	5021267	4717528	2161334	1846991	70,69205061	1729604	58518	8236	4643	58302	1732695	58419	8422	5088	58182
C0076	CATGA	IM18GECKA/03/073	IM18GECKA/03/073_a	GECKA03	500	C	49,85	-5,95	52	516	2	2018	February	18/02/2018	7367800	7228653	6793353	3173206	2636130	71,55813133	2558807	49030	8068	4533	48830	2562821	48957	8205	4899	48742
C0079	CTCTT	IM18GECKA/03/061	IM18GECKA/03/061_a	GECKA03	500	C	49,62	-6,11	36	749	2	2018	February	17/02/2018	7470902	6941057	6521722	2873476	2413700	64,61602628	2348587	47556	7870	4408	47342	2352525	47495	8053	4799	47269
C0080	CTTCC	IM18GECKA/03/080	IM18GECKA/03/080_a	GECKA03	500	C	49,85	-5,95	69	4440	2	2018	February	18/02/2018	4566920	4341922	4096950	1865159	1593554	69,78681475	1493500	49824	7841	4421	49611	1496559	49720	8034	4870	49493
C0083	GCGCC	IM18GECKA/03/094	IM18GECKA/03/094_a	GECKA03	500	C	49,71	-5,37	24	180	2	2018	February	19/02/2018	5944358	5756115	5412912	2496303	2115958	71,19214556	2052002	46584	7967	4448	46382	2056569	46515	8126	4778	46306
C0112	CTTCC	IM18GECKA/07/120	IM18GECKA/07/120_a	GECKA04	250	C	49,17	-8,34	73	3660	1	2018	November	19/11/2018	5600168	5427624	5003778	2254124	2058385	73,51154465	2005122	47175	8352	4626	46967	2010747	47125	8601	5051	46902
C0116	GCTAA	IM18GECKA/07/119	IM18GECKA/07/119_a	GECKA04	250	C	49,17	-8,34	77	4920	1	2018	November	19/11/2018	7503070	7187799	6636686	2958534	2671026	71,1982162	2589314	49826	8615	4832	49592	2597160	49753	8910	5289	49507
C0125	TGGTT	IM18GECKA/07/116	IM18GECKA/07/116_a	GECKA04	250	C	48,96	-8,44	97	11760	2	2018	November	19/11/2018	739800	657227	599480	246597	231616	62,61584212	207043	25649	2423	1402	25482	207563	25585	2515	1565	25410
C0127	TTTTA	IM18GECKA/07/110	IM18GECKA/07/110_a	GECKA04	250	C	48,77	-8,56	87	9220	2	2018	November	19/11/2018	1893136	1824346	1682872	756365	703056	74,27422013	688435	41003	5622	3197	40848	690195	40910	5785	3551	40743
C0129	AAAAA	IM18GECKA/07/117	IM18GECKA/07/117_a	GECKA05	500	C	49,17	-8,34	75	4960	2	2018	November	19/11/2018	5104008	4995094	4607638	2095834	1853092	72,61320907	1789411	49393	7927	4447	49183	1794551	49316	8247	4956	49098
C0137	CAACT	IM18GECKA/03/083	IM18GECKA/03/083_a	GECKA05	600	C	49,91	-5,69	69	4955	2	2018	February	18/02/2018	4042792	3297863	3081128	1144816	1017932	50,35787149	967212	44908	7253	4072	44726	970509	44830	7441	4448	44638
C0138	CACAG	IM18GECKA/03/062	IM18GECKA/03/062_a	GECKA05	600	C	49,62	-6,11	35	634	2	2018	February	17/02/2018	4804664	4599547	4316440	1954359	1716767	71,46252058	1641744	48973	7982	4491	48756	1647071	48904	8169	4888	48676
C0146	GCCGG	IM18GECKA/07/065	IM18GECKA/07/065_a	GECKA05	500	C	49,98	-8,98	101,5	15900	2	2018	September	28/09/2018	5344056	5147011	4745264	2121597	1877940	70,28144915	1857495	46219	7777	4361	46008	1862611	46157	7965	4748	45942
C0148	GCTAA	IM18GECKA/07/109	IM18GECKA/07/109_a	GECKA05	500	C	48,77	-8,56	97	11880	2	2018	November	19/11/2018	2124380	2033576	1874611	833983	747587	70,3816643	733411	42672	6346	3612	42499	735517	42605	6477	3918	42424
C0168	ATTAG	IM18GECKA/07/104	IM18GECKA/07/104_a	GECKA06	250	C	49,28	-9	58	2440	2	2018	November	18/11/2018	3378970	3292566	3075796	1418283	1311130	77,60530576	1294671	60134	31676	21499	59858	1298446	56928	38228	32635	56621
C0185	TCAGA	IM18GECKA/07/118	IM18GECKA/07/118_a	GECKA06	250	C	49,17	-8,34	63	3360	1	2018	November	19/11/2018	4576754	4488466	4191982	1944231	1764282	77,0975237	1715383	46936	7888	4398	46740	1719552	46847	8075	4837	46640
C0188	TGCAA	IM18GECKA/07/115	IM18GECKA/07/115_a	GECKA06	250	C	48,96	-8,44	67	3420	1	2018	November	19/11/2018	4702076	4554934	4245244	1940850	1760223	74,87003613	1740213	46011	7867	4410	45799	1744940	45951	8021	4737	45733
C0192	CTGAA	IM18GECKA/07/108	IM18GECKA/07/108_a	GECKA06	250	C	48,77	-8,56	86	7320	2	2018	November	19/11/2018	4919718	4740303	4426409	2015251	1824844	74,18490247	1788490	46195	8048	4507	45990	1793120	46137	8238	4917	45925
C0194	AACCC	IM18GECKA/07/106	IM18GECKA/07/106_a	GECKA07	500	C	49,14	-8,75	59	2600	1	2018	November	18/11/2018	2252440	2229639	2047859	938671	866893	76,97368187	849992	42903	6431	3590	42738	851293	42809	6628	3963	42633
C0198	AGCTG	IM18GECKA/07/111	IM18GECKA/07/111_a	GECKA07	500	C	48,96	-8,44	101	16600	2	2018	November	19/11/2018	5326950	5107169	4686191	2079238	1893866	71,10507889	1874599	46086	7888	4432	45902	1877553	46020	8100	4843	45823
C0209	GCATT	IM18GECKA/07/103	IM18GECKA/07/103_a	GECKA07	500	C	49,28	-9	62	2740	1	2018	November	18/11/2018	4447452	4100306	3753816	1597221	1462107	65,75032176	1447599	45930	7736	4314	45726	1450177	45869	7985	4720	45652
C0211	GCGCC	IM18GECKA/07/113	IM18GECKA/07/113_a	GECKA07	500	C	48,96	-8,44	84	9320	2	2018	November	19/11/2018	2150936	2096475	1925491	869433	805278	74,87698379	793438	43518	6657	3694	43362	794806	43428	6856	4075	43257
C0215	GGGGA	IM18GECKA/07/066	IM18GECKA/07/066_a	GECKA07	500	C	49,82	-8,98	56,5	3650	1	2018	September	28/09/2018	4397206	4313771	3964623	1800373	1648643	74,98593425	1622684	46106	7711	4313	45911	1625153	46036	7984	4773	45833
C0232	ATTAG	IM18GECKA/07/102	IM18GECKA/07/102_a	GECKA08	500	C	49,28	-9	68	4140	1	2018	November	18/11/2018	357966	308561	280975	112414	104336	58,29380444	70076	13441	713	421	13382	70186	13398	790	537	13328
C0241	GCATT	IM18GECKA/07/105	IM18GECKA/07/105_a	GECKA08	500	C	49,14	-8,75	66	3500	1	2018	November	18/11/2018	1714256	1408562	1291107	477168	439239	51,24543825	420742	35740	4292	2447	35601	421412	35670	4392	2666	35523
C0249	TCAGA	IM18GECKA/07/112	IM18GECKA/07/112_a	GECKA08	500	C	48,96	-8,44	102	13900	2	2018	November	19/11/2018	2110956	2048812	1896078	860580	786649	74,53011811	772060	41929	6163	3470	41768	773082	41849	6293	3785	41672
C0252	TGCAA	IM18GECKA/07/114	IM18GECKA/07/114_a	GECKA08	500	C	48,96	-8,44	65	3180	1	2018	November	19/11/2018	5682608	5496625	5085500	2293522	2063917	72,63978089	2020851	47097	7823	4416	46899	2023951	47031	8028	4827	46820
C0254	TTGGC	IM18GECKA/07/107	IM18GECKA/07/107_a	GECKA08	500	C	49,14	-8,75	37	650	2	2018	November	18/11/2018	2211766	2144066	1989806	903802	831510	75,18969005	806635	52956	26341	18052	52508	808789	50350	31658	27114	49882
C0270	CTAGG	IM18GECKA/07/101	IM18GECKA/07/101_a	GECKA09	500	C	49,28	-9	103	17360	2	2018	November	18/11/2018	627818	571711	521972	220992	198176	63,13167192	169145	25008	1925	1111	24890	169396	24940	2044	1278	24814
D0001	AAAAA	IM18GECKA/03/044	IM18GECKA/03/044_a	GECKA01	500	D	51	-6,09	84	9250	2	2018	March	28/03/2018	6088916	5947735	5586955	2590862	2229059	73,21694042	2149399	48099	8035	4509	47874	2154443	48022	8252	4988	47785
D0009	CAACT	IM18GECKA/03/008	IM18GECKA/03/008_a	GECKA01	500	D	51,37	-8,14	48	1406	1	2018	March	26/03/2018	8028154	7308785	6813619	2909234	2488823	62,00237315	2441274	46403	7987	4488	46199	2446385	46364	8203	4883	46152
D0012	CATGA	IM18GECKA/03/127	IM18GECKA/03/127_a	GECKA01	500	D	53,04	-4,47	26	283	1	2018	September	29/09/2018	8617220	8493024	8012376	3755620	3047926	70,74035478	2941939	48323	8189	4599	48093	2948719	48232	8527	5104	47986
D0013	CCAAC	IM18GECKA/03/014	IM18GECKA/03/014_a	GECKA01	500	D	51,51	-7,67	47	1530	1	2018	March	26/03/2018	7306162	7175531	6723410	3123132	2671877	73,1403711	2586474	48086	8268	4610	47863	2592470	48046	8528	5056	47820
D0014	CTAGG	IM18GECKA/03/194	IM18GECKA/03/194_a	GECKA01	500	D	54,04	-5,03	26,5	283	1	2018	September	03/09/2018	6571378	6315336	5868385	2648781	2302726	70,08350456	2197286	55602	8367	4715	55370	2202024	55483	8702	5279	55235
D0015	CTCTT	IM18GECKA/03/128	IM18GECKA/03/128_a	GECKA01	500	D	52,98	-5,36	18	87	1	2018	September	29/09/2018	2824890	2392730	2270290	906665	657881	46,57745965	620297	39937	5469	3114	39567	623542	39854	5688	3439	39480
D0017	GCATT	IM18GECKA/03/009	IM18GECKA/03/009_a	GECKA01	500	D	51,37	-8,14	54	1990	2	2018	March	26/03/2018	5683280	5279531	4964896	2185334	1885371	66,34798919	1837156	46290	7901	4421	46085	1841512	46218	8130	4861	46000
D0018	GCCGG	IM18GECKA/03/113	IM18GECKA/03/113_a	GECKA01	450	D	53,81	-4,17	24	224	1	2018	September	27/09/2018	9366964	9113663	8457389	3855869	3282733	70,09171808	3168300	59125	8800	4969	58859	3175222	59053	9159	5501	58773
D0020	GCTAA	IM18GECKA/03/125	IM18GECKA/03/125_a	GECKA01	500	D	53,49	-5,08	43	1137	2	2018	September	28/09/2018	6221288	5935117	5601253	2541941	2038862	65,54469107	1983577	46520	7822	4388	46306	1989484	46467	8059	4785	46240
D0023	GGGGA	IM18GECKA/03/042	IM18GECKA/03/042_a	GECKA01	500	D	51	-6,09	20	121	1	2018	March	28/03/2018	7302500	7144529	6694192	3094765	2660611	72,86849709	2520138	59043	8689	4906	58809	2525761	58915	9041	5464	58660
D0025	TCAGA	IM18GECKA/03/022	IM18GECKA/03/022_a	GECKA01	600	D	51,94	-7,05	51	1702	1	2018	March	26/03/2018	4483788	4297666	4068089	1865584	1619686	72,24632387	1529370	46181	7884	4451	45964	1534123	46091	8083	4873	45863
D0037	ACGTA	IM18GECKA/03/046	IM18GECKA/03/046_a	GECKA02	500	D	51	-6,09	22	190	1	2018	March	28/03/2018	6980090	6850909	6487476	3038297	2534768	72,62851912	2458573	46795	8240	4596	46580	2464034	46728	8537	5031	46503
D0038	AGCTG	IM18GECKA/03/132	IM18GECKA/03/132_a	GECKA02	500	D	52,98	-5,36	52	1958	2	2018	September	29/09/2018	8949222	8571953	8086242	3681307	2999606	67,03612895	2952088	46503	7971	4462	46273	2958616	46457	8236	4898	46221
D0040	ATTAG	IM18GECKA/03/031	IM18GECKA/03/031_a	GECKA02	500	D	51,32	-6,29	69	2804	1	2018	March	27/03/2018	8136808	7918868	7490498	3476911	2893203	71,11395525	2745525	71459	9260	5225	71180	2751390	71316	9626	5834	71028
D0042	CACAG	IM18GECKA/03/103	IM18GECKA/03/103_a	GECKA02	500	D	53,74	-5,89	32	534	2	2018	September	21/09/2018	8952640	8699560	8212900	3801031	3106487	69,39823337	3011538	51484	8612	4788	51249	3018490	51438	8868	5235	51200
D0045	CCAAC	IM18GECKA/03/217	IM18GECKA/03/217_a	GECKA02	500	D	50,96	-5,07	24	190	2	2018	October	03/10/2018	6770034	6625825	6249309	2909401	2417691	71,42330452	2324373	53985	8932	5054	53779	2329341	53910	9239	5539	53691
D0050	GCCGG	IM18GECKA/03/211	IM18GECKA/03/211_a	GECKA02	500	D	50,89	-5,24	21	129	1	2018	October	03/10/2018	7651808	7327616	6957587	3188251	2607493	68,15364421	2547114	46764	8340	4649	46536	2553499	46710	8609	5095	46479
D0065	AAAAA	IM18GECKA/03/019	IM18GECKA/03/019_a	GECKA03	500	D	51,51	-7,67	60	2655	1	2018	March	26/03/2018	7565088	7364771	6915896	3210348	2669828	70,58286698	2508239	64318	8979	5066	64053	2513043	64182	9204	5575	63897
D0066	AACCC	IM18GECKA/03/039	IM18GECKA/03/039_a	GECKA03	500	D	51,13	-6,05	60	3118	2	2018	March	27/03/2018	9356748	9301266	8709961	4107672	3403546	72,75061806	3263157	65603	9034	5093	65307	3268748	65492	9250	5559	65180
D0067	AAGGG	IM18GECKA/03/023	IM18GECKA/03/023_a	GECKA03	500	D	51,94	-7,05	40	1705	2	2018	March	27/03/2018	5234400	5021368	4729011	2167505	1855881	70,91093535	1746069	52149	8145	4570	51931	1749406	52052	8302	4952	51817
D0068	AATTT	IM18GECKA/03/025	IM18GECKA/03/025_a	GECKA03	500	D	51,94	-7,05	27	362	1	2018	March	27/03/2018	5047152	4622939	4351845	1896420	1624183	64,36037591	1584421	45888	7703	4345	45698	1587283	45808	7846	4703	45610
D0071	ATGCT	IM18GECKA/03/049	IM18GECKA/03/049_a	GECKA03	500	D	50,91	-7,72	79	6100	2	2018	March	28/03/2018	4799364	4619391	4322648	1973858	1698283	70,77116885	1637343	47887	7846	4411	47694	1639793	47811	8019	4818	47607
D0072	ATTAG	IM18GECKA/01/024	IM18GECKA/01/024_a	GECKA03	500	D	55,31	-5,18	35	705	2	2018	November	25/11/2018	4467378	3989906	3732756	1598173	1377735	61,67980413	1183077	47687	7632	4293	47482	1189097	47601	7858	4723	47384
D0075	CAGTC	IM18GECKA/03/193	IM18GECKA/03/193_a	GECKA03	500	D	54,04	-5,03	57	3038	2	2018	September	03/09/2018	7690526	7557028	7075957	3298095	2762590	71,8439805	2638462	59037	8384	4718	58812	2642343	58934	8612	5176	58695
D0081	GCATT	IM18GECKA/03/015	IM18GECKA/03/015_a	GECKA03	500	D	51,51	-7,67	41	1124	2	2018	March	26/03/2018	6418674	5901148	5535470	2408164	2046002	63,75154744	1949720	51796	8108	4563	51586	1952903	51669	8286	5035	51441
D0108	CATGA	IM18GECKA/02/086	IM18GECKA/02/086_a	GECKA04	250	D	51,38	-8,93	72	N/A	0	2018	February	24/02/2018	5596880	5520644	5097365	2337294	2130222	76,12176784	2079337	47684	8138	4562	47473	2084771	47598	8393	4999	47378
D0118	GGCCT	IM18GECKA/03/035	IM18GECKA/03/035_a	GECKA04	250	D	51,3	-6,17	95	11980	2	2018	March	27/03/2018	8253498	7726936	7171613	3138835	2807061	68,02112268	2767981	46604	8124	4569	46386	2776161	46573	8375	4982	46352
D0121	TCAGA	IM18GECKA/02/039	IM18GECKA/02/039_a	GECKA04	250	D	51,31	-8,35	54	N/A	0	2018	February	27/02/2018	6899666	6767386	6265334	2864590	2589148	75,05140104	2529638	47536	8748	4870	47297	2536953	47482	9017	5320	47228
D0126	TTGGC	IM18GECKA/02/040	IM18GECKA/02/040_a	GECKA04	250	D	51,31	-8,35	49	N/A	0	2018	February	27/02/2018	6858080	6792453	6276109	2889092	2608918	76,08304365	2580616	46445	8223	4591	46234	2587606	46403	8410	4965	46185
D0139	CAGTC	IM18GECKA/03/104	IM18GECKA/03/104_a	GECKA05	600	D	54,17	-5,8	32	638	1	2018	September	21/09/2018	6864686	6708330	6308512	2916826	2487402	72,46950552	2344610	57149	8813	4915	56905	2352224	57064	9129	5444	56807
D0170	CACAG	IM18GECKA/02/087	IM18GECKA/02/087_a	GECKA06	250	D	50,51	-8,66	50	N/A	0	2018	February	24/02/2018	4021168	3915711	3655253	1682994	1533546	76,27365979	1497617	46461	7781	4367	46257	1501153	46381	7975	4760	46167
D0201	CAACT	IM18GECKA/03/101	IM18GECKA/03/101_a	GECKA07	500	D	53,88	-6,1	43	1272	2	2018	September	21/09/2018	7229598	6594623	6100447	2597036	2325525	64,33345257	2278281	46614	8169	4576	46394	2282051	46550	8447	5059	46325
D0210	GCCGG	IM18GECKA/02/085	IM18GECKA/02/085_a	GECKA07	500	D	51,38	-8,93	25	N/A	0	2018	February	24/02/2018	5952282	5785412	5302727	2382175	2195355	73,76515427	2163021	61079	32702	22079	60804	2167857	57765	39598	33696	57463
D0223	TTTTA	IM18GECKA/03/204	IM18GECKA/03/204_a	GECKA07	500	D	51,06	-5,38	15	55	2	2018	October	03/10/2018	7450360	7284370	6780775	3109155	2777821	74,56877252	2728290	46811	8198	4546	46583	2733036	46764	8445	4960	46532
D0224	CTGAA	IM18GECKA/03/202	IM18GECKA/03/202_a	GECKA07	500	D	51,06	-5,38	18	110	1	2018	October	03/10/2018	7427414	7149745	6639241	2990116	2679963	72,16409372	2600824	49248	8412	4652	49031	2605079	49206	8734	5135	48982
D0236	CATGA	IM18GECKA/03/137	IM18GECKA/03/137_a	GECKA08	500	D	51,06	-5,38	27	296	1	2018	October	03/10/2018	6036876	5882167	5513663	2536342	2254894	74,70400253	2165892	53763	8882	5011	53551	2170344	53679	9193	5546	53455
D0244	GCTAA	IM18GECKA/03/115	IM18GECKA/03/115_a	GECKA08	500	D	54,04	-5,03	33	580	1	2018	September	28/09/2018	6830066	6453839	6037926	2688153	2347521	68,74079987	2315064	46392	8116	4539	46175	2319397	46353	8334	4970	46125
D0250	TCTCT	IM18GECKA/03/018	IM18GECKA/03/018_a	GECKA08	500	D	51,51	-7,67	40	801	1	2018	March	26/03/2018	5609536	5455888	5137263	2370201	2112018	75,30098746	2015546	50010	8172	4595	49794	2019279	49921	8471	5055	49693
D0256	CTGAA	IM18GECKA/03/136	IM18GECKA/03/136_a	GECKA08	500	D	51,23	-5,2	23	186	1	2018	October	03/10/2018	5152412	4921761	4585017	2056151	1843808	71,57067408	1814331	45839	7599	4241	45650	1817310	45778	7780	4596	45577
D0262	AGCTG	IM18GECKA/03/135	IM18GECKA/03/135_a	GECKA09	500	D	51,23	-5,2	16	56	2	2018	October	03/10/2018	7652212	7427225	6872812	3125113	2691651	70,34961917	2581320	55238	8577	4889	55000	2585439	55122	8984	5542	54872
D0263	ATGCT	IM18GECKA/03/138	IM18GECKA/03/138_a	GECKA09	500	D	51,06	-5,38	26	282	2	2018	October	03/10/2018	2024294	1872319	1742529	759421	673056	66,49785061	639472	45192	14496	9654	44988	641118	43971	16995	13914	43747
D0272	CTTCC	IM18GECKA/03/140	IM18GECKA/03/140_a	GECKA09	500	D	51,06	-5,38	17	126	2	2018	October	03/10/2018	1801618	1635728	1512892	642178	568958	63,16078103	530322	38436	5051	2836	38280	531115	38358	5155	3095	38189
D0278	GGCCT	IM18GECKA/03/203	IM18GECKA/03/203_a	GECKA09	500	D	51,06	-5,38	16	79	1	2018	October	03/10/2018	8328856	7656343	7138651	3088778	2630367	63,16274408	2578665	46921	8131	4540	46706	2582496	46860	8275	4900	46630
E0008	ATTAG	IM18GECKA/07/098	IM18GECKA/07/098_a	GECKA01	500	E	52,83	-14,05	56	1360	1	2018	November	16/11/2018	1725678	1667881	1562729	718395	636925	73,81736338	602057	39919	18499	12726	39403	603866	38087	22173	18990	37555
E0105	CAACT	IM18GECKA/02/061	IM18GECKA/02/061_a	GECKA04	250	E	52,09	-14,41	107	N/A	0	2018	March	05/03/2018	5573768	5033881	4623913	1928884	1766322	63,37981775	1729176	46311	7959	4450	46117	1734075	46239	8164	4852	46035
E0122	TCTCT	IM18GECKA/02/032	IM18GECKA/02/032_a	GECKA04	250	E	53,96	-11,46	59	N/A	0	2018	February	21/02/2018	6139276	5994839	5546509	2524630	2305157	75,09540213	2250984	56745	9849	5562	56488	2258657	54658	10121	6208	54369
E0124	TGCAA	IM18GECKA/07/051	IM18GECKA/07/051_a	GECKA04	250	E	49,1	-10,35	101,5	16650	2	2018	September	27/09/2018	6773314	6554803	6045968	2719183	2462836	72,721743	2433316	46507	8110	4527	46306	2440162	46464	8323	4929	46252
E0128	CTGAA	IM18GECKA/07/025	IM18GECKA/07/025_a	GECKA04	250	E	53,25	-14,43	72	6300	2	2018	May	22/05/2018	9875020	9548912	8905142	4043548	3555644	72,01289719	3465493	50983	8558	4788	50749	3475786	50966	8778	5205	50718
E0131	AAGGG	IM18GECKA/07/077	IM18GECKA/07/077_a	GECKA05	500	E	49,5	-9,92	105	14850	2	2018	September	29/09/2018	4502096	4363588	4051257	1835651	1628707	72,35327723	1590524	46787	7643	4318	46575	1594803	46729	7811	4684	46506
E0132	AATTT	IM18GECKA/07/006	IM18GECKA/07/006_a	GECKA05	500	E	52,52	-13,65	101	16700	2	2018	May	19/05/2018	5150462	4652710	4301187	1807500	1603367	62,26109425	1539411	46579	7890	4476	46404	1544161	46520	8064	4830	46337
E0134	AGCTG	IM18GECKA/07/090	IM18GECKA/07/090_a	GECKA05	500	E	52,97	-14,33	81	7940	2	2018	November	16/11/2018	6062326	5786152	5341612	2366166	2086349	68,82998374	2055851	46386	8090	4540	46166	2061795	46316	8420	5002	46088
E0136	ATTAG	IM18GECKA/07/097	IM18GECKA/07/097_a	GECKA05	500	E	52,83	-14,05	70	3140	2	2018	November	16/11/2018	2833946	2746603	2539115	1147095	1022861	72,18634371	1002883	42226	6462	3637	42070	1005886	42153	6647	3967	41987
E0150	GGCCT	IM18GECKA/07/069	IM18GECKA/07/069_a	GECKA05	500	E	49,85	-9,23	53	1950	1	2018	September	28/09/2018	5298738	4846056	4472287	1896822	1680246	63,42061072	1632426	47498	7901	4447	47313	1637104	47424	8114	4836	47229
E0151	GGGGA	IM18GECKA/07/095	IM18GECKA/07/095_a	GECKA05	500	E	52,83	-14,05	64	2920	2	2018	November	16/11/2018	3505260	3428922	3167023	1439829	1297567	74,03542105	1261438	60282	31777	21537	60001	1265795	57054	38369	32740	56740
E0157	TGGTT	IM18GECKA/07/087	IM18GECKA/07/087_a	GECKA05	500	E	52,97	-14,33	80	6620	2	2018	November	16/11/2018	4654524	4385049	4054634	1778812	1577485	67,78287103	1555478	46289	7818	4378	46115	1560070	46210	8035	4816	46030
E0158	TTGGC	IM18GECKA/02/065	IM18GECKA/02/065_a	GECKA05	500	E	53,53	-13,85	103	N/A	0	2018	March	07/03/2018	4340484	4293469	3959506	1814894	1613284	74,33659472	1597089	46105	7949	4476	45905	1601569	46045	8112	4861	45835
E0165	ACGTA	IM18GECKA/02/055	IM18GECKA/02/055_a	GECKA06	250	E	51,64	-11,95	84	N/A	0	2018	March	04/03/2018	3523498	3492318	3256754	1522817	1390693	78,93820289	1373346	45890	7584	4240	45705	1376927	45812	7712	4550	45618
E0169	CAACT	IM18GECKA/02/078	IM18GECKA/02/078_a	GECKA06	250	E	53,18	-13,01	99	N/A	0	2018	March	08/03/2018	4126710	3662398	3403655	1407590	1287934	62,41940917	1270229	45846	7598	4263	45651	1273256	45783	7682	4580	45578
E0182	GGCCT	IM18GECKA/02/017	IM18GECKA/02/017_a	GECKA06	250	E	54,44	-11,2	66	N/A	0	2018	February	21/02/2018	6181614	5714403	5341444	2329654	2104324	68,08331934	2004123	49466	8278	4629	49245	2009696	49361	8593	5149	49131
E0184	GGTTC	IM18GECKA/02/001	IM18GECKA/02/001_a	GECKA06	250	E	54,11	-10,86	57	N/A	0	2018	February	21/02/2018	5148930	5016263	4696034	2164774	1958769	76,08450688	1884809	49571	8067	4508	49353	1889541	49483	8251	4917	49256
E0187	TGACC	IM18GECKA/07/081	IM18GECKA/07/081_a	GECKA06	250	E	53,61	-14,05	71	3100	1	2018	November	15/11/2018	5217798	5070464	4737011	2175831	1967185	75,40288068	1931006	46354	7692	4291	46152	1935821	46262	7922	4736	46049
E0193	AAAAA	IM18GECKA/07/026	IM18GECKA/07/026_a	GECKA07	500	E	53,25	-14,43	60	4150	1	2018	May	22/05/2018	6663478	6568726	6047795	2765314	2492220	74,80237798	2468436	46527	7950	4463	46315	2472546	46481	8214	4873	46261
E0199	ATGCT	IM18GECKA/02/015	IM18GECKA/02/015_a	GECKA07	500	E	54,44	-11,2	53	N/A	0	2018	February	21/02/2018	4261424	4136739	3797817	1705845	1565990	73,49608957	1530758	46101	7594	4248	45911	1533592	46025	7815	4656	45826
E0202	CACAG	IM18GECKA/02/048	IM18GECKA/02/048_a	GECKA07	500	E	50,56	-10,73	62	N/A	0	2018	March	02/03/2018	4487110	4363420	4005837	1804673	1655185	73,77510246	1585830	56946	9187	5294	56705	1588734	56754	9660	6065	56490
E0203	CAGTC	IM18GECKA/02/005	IM18GECKA/02/005_a	GECKA07	500	E	54,11	-10,86	44	N/A	0	2018	February	21/02/2018	5769782	5679737	5231624	2388356	2166522	75,09892055	2138658	46363	7867	4371	46140	2142156	46301	8177	4854	46070
E0204	CATGA	IM18GECKA/07/092	IM18GECKA/07/092_a	GECKA07	500	E	52,97	-14,33	67	3560	2	2018	November	16/11/2018	625282	587027	535175	232524	217252	69,48928643	190994	24433	2185	1266	24317	191320	24371	2292	1442	24249
E0208	CTTCC	IM18GECKA/07/054	IM18GECKA/07/054_a	GECKA07	500	E	49,28	-10,2	83	10800	2	2018	September	27/09/2018	6799922	6546224	6030574	2698293	2438584	71,72388154	2374105	46652	8201	4578	46436	2378090	46602	8482	5062	46376
E0214	GGCCT	IM18GECKA/02/027	IM18GECKA/02/027_a	GECKA07	500	E	53,96	-11,46	40	N/A	0	2018	February	21/02/2018	6381046	6029238	5543254	2430529	2208156	69,20984428	2158224	47127	9929	5512	46918	2163185	47028	10173	5915	46803
E0217	TCAGA	IM18GECKA/07/015	IM18GECKA/07/015_a	GECKA07	500	E	53	-14,32	72	5950	2	2018	May	20/05/2018	4818508	4735172	4357791	1985792	1811249	75,17883129	1785570	46136	7902	4431	45946	1788142	46073	8074	4822	45868
E0218	TCTCT	IM18GECKA/02/073	IM18GECKA/02/073_a	GECKA07	500	E	53,85	-12,59	63	N/A	0	2018	March	07/03/2018	5392838	5269503	4855245	2202675	2004022	74,32160951	1959227	46387	7924	4447	46204	1962391	46312	8149	4858	46118
E0225	AAAAA	IM18GECKA/07/032	IM18GECKA/07/032_a	GECKA08	500	E	53,15	-14,48	81	7900	2	2018	May	22/05/2018	6243730	6122459	5683431	2608851	2324308	74,45254679	2301694	46405	8101	4516	46170	2305921	46325	8364	5010	46078
E0226	AACCC	IM18GECKA/07/083	IM18GECKA/07/083_a	GECKA08	500	E	53,61	-14,05	53	740	1	2018	November	15/11/2018	7337470	7298715	6771727	3143140	2792363	76,11242022	2723024	48834	8331	4631	48588	2727428	48800	8633	5074	48548
E0228	AATTT	IM18GECKA/07/046	IM18GECKA/07/046_a	GECKA08	500	E	48,62	-10,4	75	4600	1	2018	September	26/09/2018	3455514	3163777	2934067	1256546	1142068	66,10119363	1127676	44933	7260	4087	44765	1129783	44871	7429	4450	44690
E0230	AGCTG	IM18GECKA/07/024	IM18GECKA/07/024_a	GECKA08	500	E	53,07	-14,48	55	2350	1	2018	May	21/05/2018	6029962	5737161	5327434	2371436	2126261	70,52319733	2081542	47092	8055	4492	46884	2085092	47079	8268	4880	46867
E0233	CAACT	IM18GECKA/07/074	IM18GECKA/07/074_a	GECKA08	500	E	49,65	-9,73	115	21300	2	2018	September	29/09/2018	6037614	5364835	4955860	2041185	1840255	60,95967712	1802109	46657	7838	4376	46460	1805073	46601	8048	4802	46397
E0234	CACAG	IM18GECKA/07/088	IM18GECKA/07/088_a	GECKA08	500	E	52,97	-14,33	62	2520	1	2018	November	16/11/2018	4587262	4430713	4114765	1862595	1680572	73,27124546	1651473	45996	7993	4466	45815	1653866	45955	8163	4827	45765
E0239	CTCTT	IM18GECKA/07/094	IM18GECKA/07/094_a	GECKA08	500	E	52,83	-14,05	51	1140	1	2018	November	16/11/2018	3150852	2617781	2414192	908804	830003	52,68435331	813299	42037	6287	3532	41891	814781	41957	6470	3866	41801
E0242	GCCGG	IM18GECKA/07/080	IM18GECKA/07/080_a	GECKA08	500	E	49,63	-9,73	93,5	10400	2	2018	September	30/09/2018	5837072	5623281	5228588	2360381	2112271	72,37433426	2090613	46302	7955	4458	46109	2094251	46268	8079	4794	46062
E0243	GCGCC	IM18GECKA/07/060	IM18GECKA/07/060_a	GECKA08	500	E	49,53	-9,85	66,5	4400	1	2018	September	27/09/2018	5215358	5079779	4718085	2149846	1933563	74,14881203	1906818	46243	8081	4515	46041	1910356	46169	8325	4943	45954
E0246	GGCCT	IM18GECKA/07/016	IM18GECKA/07/016_a	GECKA08	500	E	52,87	-14,12	60	2950	1	2018	May	20/05/2018	7194760	6684948	6204749	2695249	2404609	66,84334154	2368524	46579	7798	4370	46340	2372630	46522	8028	4792	46283
E0248	GGTTC	IM18GECKA/07/034	IM18GECKA/07/034_a	GECKA08	500	E	53,15	-14,47	97	14500	2	2018	May	23/05/2018	5653070	5486347	5100468	2317401	2080058	73,5903854	2051679	46388	8144	4552	46188	2054870	46308	8390	4983	46098
E0255	TTTTA	IM18GECKA/07/035	IM18GECKA/07/035_a	GECKA08	500	E	53,15	-14,47	55	2300	1	2018	May	23/05/2018	8166960	8020157	7508218	3474448	3051738	74,7337565	2983471	48148	8323	4637	47920	2988595	48134	8616	5094	47907
E0260	AATTT	IM18GECKA/07/063	IM18GECKA/07/063_a	GECKA09	500	E	49,67	-9,63	68,5	6050	1	2018	September	27/09/2018	5565498	5101619	4699731	2008895	1754498	63,04909282	1695204	48573	8154	4583	48379	1697724	48501	8363	5007	48297
E0261	ACGTA	IM18GECKA/07/002	IM18GECKA/07/002_a	GECKA09	500	E	52,4	-13,85	58	3150	1	2018	May	19/05/2018	6166480	6100601	5610491	2584358	2244219	72,78768438	2218698	46704	7951	4493	46473	2221657	46632	8182	4914	46390
E0265	CAACT	IM18GECKA/07/049	IM18GECKA/07/049_a	GECKA09	500	E	48,82	-10,32	59,5	3400	1	2018	September	26/09/2018	6152756	5276163	4815341	1877902	1645764	53,49680696	1614045	46386	7706	4306	46195	1615991	46296	7894	4723	46090
F10029	TGGTT	IM18GECKA/08/009	IM18GECKA/08/009_a	GECKA01	600	F1	45,1	-2,43	55	N/A	1	2018	May	18/05/2018	5707818	5255088	4986958	2198320	1840863	64,50321296	1653919	56509	8317	4717	56307	1660313	56390	8601	5253	56166
F10030	TTGGC	IM18GECKA/08/018	IM18GECKA/08/018_a	GECKA01	600	F1	45,05	-2,18	102	N/A	2	2018	August	28/08/2018	3951502	3902917	3732086	1773487	1472240	74,51546273	1366114	49970	7904	4467	49755	1370435	49873	8103	4880	49646
F10031	TTTTA	IM18GECKA/08/030	IM18GECKA/08/030_a	GECKA01	600	F1	46,33	-3,53	81	N/A	2	2018	October	26/10/2018	8193186	8062509	7651258	3598269	2947999	71,96221348	2779428	68144	8990	5056	67888	2786028	68022	9334	5665	67743
F10032	CTGAA	IM18GECKA/08/036	IM18GECKA/08/036_a	GECKA01	600	F1	46,47	-2,38	49	N/A	2	2018	November	16/11/2018	4808786	4641102	4427619	2052747	1715301	71,34029254	1563226	63686	8576	4888	63432	1567895	63547	8809	5370	63274
F10053	GGAAG	IM18GECKA/08/008	IM18GECKA/08/008_a	GECKA02	500	F1	45,33	-2,57	71	N/A	2	2018	May	18/05/2018	7460318	7128206	6775324	3101749	2539366	68,0766155	2439489	48872	8123	4542	48647	2445683	48827	8345	4997	48594
F10054	GGCCT	IM18GECKA/08/015	IM18GECKA/08/015_a	GECKA02	500	F1	45,27	-3,27	48	N/A	1	2018	June	14/06/2018	12018948	11195599	10598851	4698573	3911881	65,0952313	3719999	79563	37446	25471	79194	3730284	75999	45377	38186	75585
F10055	GGGGA	IM18GECKA/08/021	IM18GECKA/08/021_a	GECKA02	500	F1	45,25	-2,08	59	N/A	1	2018	August	30/08/2018	9314496	9148514	8698692	4087954	3281476	70,45955036	3098749	82266	9781	5551	81955	3106689	82093	10111	6216	81762
F10056	GGTTC	IM18GECKA/08/020	IM18GECKA/08/020_a	GECKA02	500	F1	45,25	-2,08	53	N/A	1	2018	August	30/08/2018	9144412	8993391	8514242	3988342	3266449	71,44142237	3119970	72981	9533	5396	72696	3126553	72900	9807	5947	72606
F10057	TCAGA	IM18GECKA/08/034	IM18GECKA/08/034_a	GECKA02	500	F1	45,55	-3,2	65	N/A	2	2018	November	14/11/2018	8313930	7867270	7466691	3384860	2815866	67,73850634	2545962	68595	9275	5247	68347	2554934	68443	9632	5837	68173
F10058	TCTCT	IM18GECKA/08/002	IM18GECKA/08/002_a	GECKA02	500	F1	45,62	-2,27	42	N/A	2	2018	April	25/04/2018	10057336	9838547	9311134	4340416	3541075	70,41775277	3392360	70829	9358	5280	70514	3399393	70703	9720	5884	70377
F10059	TGACC	IM18GECKA/08/024	IM18GECKA/08/024_a	GECKA02	500	F1	45,4	-2,73	39	N/A	1	2018	October	23/10/2018	8233938	8045166	7658701	3585004	3011391	73,14582646	2803910	83809	38217	26129	83412	2812353	80165	46148	39162	79732
F10060	TGCAA	IM18GECKA/08/005	IM18GECKA/08/005_a	GECKA02	500	F1	45,3	-2	64	N/A	2	2018	April	28/04/2018	10245962	9927036	9347721	4299677	3513088	68,57507377	3402425	57398	8917	4994	57109	3409837	57340	9289	5527	57047
F10062	TTGGC	IM18GECKA/08/013	IM18GECKA/08/013_a	GECKA02	600	F1	45,03	-2,28	71	N/A	2	2018	June	10/06/2018	8005372	7899095	7580426	3609562	2811211	70,23311346	2616970	72217	9068	5135	71959	2624371	72077	9458	5757	71802
F10063	TTTTA	IM18GECKA/08/100	IM18GECKA/08/100_a	GECKA02	600	F1	44,8	-1,73	54	N/A	1	2018	June	05/06/2018	4054580	3942447	3795163	1787745	1500274	74,00391656	1317115	70294	33446	22833	69745	1322041	66952	40138	34323	66372
F10064	CTGAA	IM18GECKA/08/103	IM18GECKA/08/103_a	GECKA02	600	F1	45,28	-2,47	54	N/A	2	2018	September	25/09/2018	5788098	5546764	5326157	2464902	1996633	68,99098806	1844854	65176	8872	5017	64942	1850452	65029	9120	5529	64771
F10078	CTAGG	IM18GECKA/08/040	IM18GECKA/08/040_a	GECKA03	500	F1	45,2	-1,65	80	N/A	1	2018	December	20/12/2018	5541828	5287649	4976250	2262302	1915479	69,12805666	1812842	53293	7897	4427	53087	1816233	53194	8132	4889	52976
F10082	GCCGG	IM18GECKA/08/027	IM18GECKA/08/027_a	GECKA03	500	F1	45,93	-3,37	70	N/A	1	2018	October	25/10/2018	9475836	9213150	8689243	4030104	3246644	68,52469798	3121508	57303	8553	4877	57064	3127448	57212	8859	5340	56960
F10084	GCTAA	IM18GECKA/08/006	IM18GECKA/08/006_a	GECKA03	500	F1	45,3	-2,68	74	N/A	2	2018	May	18/05/2018	8942686	8552782	8054600	3666501	2997919	67,04739493	2871994	59929	8558	4809	59690	2877381	59831	8883	5342	59575
F10085	GGAAG	IM18GECKA/08/102	IM18GECKA/08/102_a	GECKA03	500	F1	45,28	-2,47	34	520	1	2018	September	25/09/2018	9649524	9463466	8888467	4146568	3410423	70,68582865	3279740	67173	9321	5271	66920	3285224	67052	9627	5823	66786
F10086	GGCCT	IM18GECKA/08/011	IM18GECKA/08/011_a	GECKA03	500	F1	44,42	-1,87	75	N/A	2	2018	May	19/05/2018	9527794	8880329	8383302	3718796	3041129	63,83700151	2930965	50456	10141	5672	50238	2937553	50378	10247	6033	50146
F10087	GGGGA	IM18GECKA/08/019	IM18GECKA/08/019_a	GECKA03	500	F1	45,05	-2,18	60	N/A	2	2018	August	28/08/2018	6197064	6094745	5715557	2669786	2271916	73,32233458	2169999	54638	8217	4635	54423	2173361	54524	8461	5074	54293
F10088	GGTTC	IM18GECKA/08/033	IM18GECKA/08/033_a	GECKA03	500	F1	45,45	-2,78	63	N/A	2	2018	November	12/11/2018	6083502	5946318	5634735	2635145	2214884	72,81608521	2053025	83004	9668	5519	82725	2057066	82819	9931	6095	82514
F10089	TCAGA	IM18GECKA/08/004	IM18GECKA/08/004_a	GECKA03	500	F1	45,3	-2	54	N/A	2	2018	April	28/04/2018	6740358	6616489	6244211	2927699	2441506	72,44440132	2300519	60896	8524	4822	60642	2304925	60769	8759	5331	60507
F10090	TCTCT	IM18GECKA/08/016	IM18GECKA/08/016_a	GECKA03	500	F1	45,07	-2,32	94	N/A	2	2018	June	16/06/2018	5886492	5725989	5401121	2506427	2105335	71,53105789	1995875	56991	8365	4730	56766	1998881	56901	8506	5148	56656
F10091	TGACC	IM18GECKA/08/026	IM18GECKA/08/026_a	GECKA03	500	F1	45,97	-3,4	56	N/A	1	2018	October	25/10/2018	8370728	8172752	7712932	3594112	2958684	70,69119914	2796668	76048	9221	5232	75780	2801870	75883	9569	5861	75592
F10092	TGCAA	IM18GECKA/08/023	IM18GECKA/08/023_a	GECKA03	500	F1	45,4	-2,73	40	N/A	2	2018	October	23/10/2018	4505532	4204047	4002129	1788629	1512860	67,15566552	1381817	63319	32397	22008	62579	1386061	60099	38850	33008	59334
F10093	TGGTT	IM18GECKA/08/014	IM18GECKA/08/014_a	GECKA03	600	F1	45,27	-3,27	90	N/A	2	2018	June	14/06/2018	3449874	3238847	3100193	1402656	1162547	67,39649042	1094386	46179	7503	4228	45986	1097297	46100	7642	4573	45898
F10094	TTGGC	IM18GECKA/08/001	IM18GECKA/08/001_a	GECKA03	600	F1	45,68	-2,55	50	N/A	2	2018	April	25/04/2018	3097412	3028757	2908068	1376180	1165943	75,28497985	1083950	59254	30871	20983	58745	1087851	56136	37098	31640	55607
F10095	TTTTA	IM18GECKA/08/039	IM18GECKA/08/039_a	GECKA03	600	F1	46,47	-2,4	39	N/A	1	2018	November	16/11/2018	5483018	5378139	5136270	2427631	1952992	71,23784748	1820788	54761	8200	4661	54552	1824986	54651	8350	5051	54421
F10096	CTGAA	IM18GECKA/08/037	IM18GECKA/08/037_a	GECKA03	600	F1	46,32	-2,15	43	N/A	1	2018	November	16/11/2018	7279088	7021337	6676996	3090970	2493302	68,50588975	2354239	61610	8646	4893	61376	2359085	61475	8868	5371	61219
F10140	CATGA	IM18GECKA/08/010	IM18GECKA/08/010_a	GECKA05	600	F1	44,87	-1,98	71	N/A	2	2018	May	19/05/2018	6956350	6817964	6414151	2975191	2610973	75,06732697	2510224	63905	33579	22767	63641	2519323	60526	40622	34629	60234
F10142	CTAGG	IM18GECKA/08/104	IM18GECKA/08/104_a	GECKA05	600	F1	45,43	-2,8	32	820	2	2018	September	25/09/2018	4991586	4753974	4499158	2039248	1777992	71,23956193	1635021	67312	8861	5022	67090	1640656	67190	9134	5534	66948
F10143	CTCTT	IM18GECKA/08/017	IM18GECKA/08/017_a	GECKA05	600	F1	45,07	-2,32	47	N/A	2	2018	June	16/06/2018	7439306	6943141	6499672	2854202	2469404	66,3880206	2370478	54442	8611	4838	54206	2377763	54377	8814	5274	54126
F10144	CTTCC	IM18GECKA/08/003	IM18GECKA/08/003_a	GECKA05	600	F1	45,45	-2,2	55	N/A	2	2018	April	28/04/2018	4299656	4140770	3939650	1817683	1565639	72,8262447	1414431	62028	8378	4740	61796	1419549	61915	8602	5178	61668
F10267	CAGTC	IM18GECKA/08/101	IM18GECKA/08/101_a	GECKA09	500	F1	44,97	-1,78	88	10050	2	2018	September	11/09/2018	7244086	7120298	6685421	3119004	2631775	72,65996014	2481823	67576	8933	5079	67334	2485725	67471	9224	5608	67210
F10268	CATGA	IM18GECKA/08/028	IM18GECKA/08/028_a	GECKA09	500	F1	45,93	-3,37	80	N/A	2	2018	October	25/10/2018	7926652	7795457	7220749	3328939	2853664	72,00174803	2771965	51507	8386	4680	51266	2776011	51449	8652	5141	51199
F10274	GCCGG	IM18GECKA/08/032	IM18GECKA/08/032_a	GECKA09	500	F1	45,45	-2,78	43	N/A	1	2018	November	12/11/2018	7261644	6963869	6485356	2931038	2500332	68,86407541	2465504	46429	9764	5420	46227	2469906	46401	9921	5781	46182
F10276	GCTAA	IM18GECKA/08/038	IM18GECKA/08/038_a	GECKA09	500	F1	46,47	-2,4	45	N/A	2	2018	November	16/11/2018	8725126	8297947	7706312	3445054	2936542	67,31231159	2856207	51273	8300	4638	51030	2860743	51225	8542	5092	50973
F10279	GGGGA	IM18GECKA/08/022	IM18GECKA/08/022_a	GECKA09	500	F1	45,4	-2,73	62	N/A	1	2018	October	23/10/2018	6731186	6594774	6126139	2819646	2439970	72,49747667	2347042	52426	8327	4695	52203	2350184	52362	8508	5061	52125
F10281	TCAGA	IM18GECKA/08/025	IM18GECKA/08/025_a	GECKA09	500	F1	45,45	-2,7	48	N/A	1	2018	October	24/10/2018	6168896	6021540	5594937	2568002	2227006	72,20111994	2092104	67041	9047	5097	66791	2095153	66869	9336	5657	66593
F10282	TCTCT	IM18GECKA/08/031	IM18GECKA/08/031_a	GECKA09	500	F1	46,33	-3,53	58	N/A	1	2018	October	26/10/2018	6542774	6379750	5932411	2722057	2377892	72,68757869	2293275	63305	33462	22523	63037	2297786	60038	40277	33968	59738
F10283	TGACC	IM18GECKA/08/029	IM18GECKA/08/029_a	GECKA09	500	F1	46,33	-3,53	68	N/A	1	2018	October	26/10/2018	5714880	5529036	5134373	2334750	2035400	71,23159191	1921157	54688	8449	4753	54459	1924203	54612	8654	5198	54369
F10284	TGCAA	IM18GECKA/08/012	IM18GECKA/08/012_a	GECKA09	500	F1	45,03	-2,28	56	N/A	1	2018	June	09/06/2018	6784838	6515889	6069557	2747857	2361394	69,60797001	2277151	50784	8023	4513	50566	2281215	50712	8265	4934	50484
F10286	TTGGC	IM18GECKA/08/007	IM18GECKA/08/007_a	GECKA09	600	F1	45,33	-2,57	53	N/A	1	2018	May	18/05/2018	1640910	1541112	1460474	657088	580594	70,76488046	511293	50289	23354	16077	49560	514302	48192	27847	23605	47451
F10287	TTTTA	IM18GECKA/08/035	IM18GECKA/08/035_a	GECKA09	600	F1	45,62	-2,53	59	N/A	1	2018	November	15/11/2018	1164462	1093665	1041159	472674	411063	70,60135925	363860	40475	4409	2490	40271	365404	40387	4578	2791	40177
F10288	CTGAA	IM18GECKA/08/041	IM18GECKA/08/041_b	GECKA09	600	F1	44,78	-1,73	42	N/A	2	2018	December	20/12/2018	4820972	4539991	4320471	1950521	1655375	68,67391057	1572808	55856	22411	14793	55622	1577101	53911	26371	21618	53661
F20024	GGTTC	IM18GECKA/06/005	IM18GECKA/06/005_a	GECKA01	600	F2	43,55	-9,07	82	7505	2	2018	September	30/09/2018	5564694	5429142	5022485	2284231	1996173	71,74421451	1952382	46659	7816	4371	46485	1956344	46627	8010	4749	46447
F20097	AAAAA	IM18GECKA/06/013	IM18GECKA/06/013_a	GECKA04	250	F2	43,76	-5,4	62	3130	1	2018	October	12/10/2018	5829806	5726612	5281008	2412131	2193088	75,23708336	2114411	49862	8483	4778	49647	2120567	49763	8784	5303	49541
F20106	CACAG	IM18GECKA/06/006	IM18GECKA/06/006_a	GECKA04	250	F2	43,55	-9,07	77	7390	2	2018	September	30/09/2018	4224386	4128194	3808465	1731438	1591102	75,32938515	1568788	46039	7915	4470	45835	1572864	45979	8035	4807	45763
F20107	CAGTC	IM18GECKA/06/008	IM18GECKA/06/008_a	GECKA04	250	F2	44,09	-7,55	71	4820	2	2018	October	05/10/2018	4911276	4840546	4464653	2042683	1867593	76,05327007	1842453	46157	7874	4412	45957	1847513	46083	8111	4797	45874
F20113	GCATT	IM18GECKA/06/012	IM18GECKA/06/012_a	GECKA04	250	F2	43,69	-6,29	67	3350	1	2018	October	09/10/2018	5628580	5202974	4787691	2049442	1872239	66,52615757	1850832	46162	7819	4354	45966	1856090	46123	8006	4726	45917
F20162	AACCC	IM18GECKA/06/007	IM18GECKA/06/007_a	GECKA06	250	F2	44	-7,58	59	3250	1	2018	October	05/10/2018	5157418	5135600	4793177	2252579	2030952	78,75847953	2001935	46323	7898	4426	46126	2007319	46244	8050	4756	46032
F20172	CATGA	IM18GECKA/06/004	IM18GECKA/06/004_a	GECKA06	250	F2	43,84	-7,92	84	8950	2	2018	September	27/09/2018	6871710	6759745	6321880	2941121	2603538	75,77554932	2554269	46704	8248	4616	46494	2560737	46646	8437	5035	46421
F20176	CTTCC	IM18GECKA/06/011	IM18GECKA/06/011_a	GECKA06	250	F2	43,76	-6,29	66	2280	2	2018	October	09/10/2018	3718904	3605911	3359274	1537348	1403729	75,49154267	1390420	45840	7562	4236	45646	1393847	45788	7667	4556	45587
F20178	GCCGG	IM18GECKA/06/010	IM18GECKA/06/010_a	GECKA06	250	F2	43,92	-6,75	88	9200	2	2018	October	08/10/2018	5938854	5688105	5306257	2400153	2163431	72,85685083	2124458	46317	7854	4366	46089	2130407	46229	8085	4775	45987
F20180	GCTAA	IM18GECKA/06/017	IM18GECKA/06/017_a	GECKA06	250	F2	43,55	-3,88	38	964	1	2018	October	19/10/2018	5076522	4872696	4549833	2061581	1862347	73,37098116	1834495	46130	7730	4357	45925	1839253	46053	7900	4752	45838
F20190	TTGGC	IM18GECKA/06/018	IM18GECKA/06/018_a	GECKA06	250	F2	43,55	-3,88	34	814	1	2018	October	19/10/2018	5120092	5073600	4741525	2218657	2003079	78,24386749	1972342	46330	8007	4467	46113	1977451	46264	8203	4846	46036
F20191	TTTTA	IM18GECKA/06/016	IM18GECKA/06/016_a	GECKA06	250	F2	43,47	-4,31	43	1334	1	2018	October	19/10/2018	4106936	4023320	3754779	1737372	1581212	77,00202779	1559076	46120	7700	4357	45913	1562787	46056	7827	4684	45839
F20207	CTCTT	IM18GECKA/06/015	IM18GECKA/06/015_a	GECKA07	500	F2	43,48	-4,73	39	896	2	2018	October	15/10/2018	5421524	4879212	4470624	1851687	1692152	62,42348093	1655780	46314	8169	4534	46104	1659374	46201	8338	4902	45982
F20212	GCTAA	IM18GECKA/06/009	IM18GECKA/06/009_a	GECKA07	500	F2	43,96	-7,19	19	100	0	2018	October	05/10/2018	5804976	5565649	5108282	2268080	2061143	71,01297232	2031217	46350	7836	4398	46157	2034563	46295	8016	4783	46092
F20219	TGACC	IM18GECKA/06/014	IM18GECKA/06/014_a	GECKA07	500	F2	43,63	-5,39	12	26	0	2018	October	13/10/2018	2972098	2885688	2644881	1186919	1096519	73,78753998	1080574	45543	7385	4161	45358	1082353	45464	7569	4540	45264
G0098	AACCC	IM18GECKA/05/003	IM18GECKA/05/003_a	GECKA04	250	G	37,66	-9,15	73,9	5460	2	2018	July	29/07/2018	9182546	9143026	8480095	3937175	3504967	76,33976459	3416611	49073	10145	5683	48841	3427449	49053	10443	6150	48801
G0099	AAGGG	IM18GECKA/06/002	IM18GECKA/06/002_a	GECKA04	250	G	42,71	-9,58	122	20750	2	2018	September	25/09/2018	5185074	5054329	4685692	2133875	1944845	75,01705858	1917301	46209	8005	4474	46004	1922351	46164	8170	4855	45947
G0100	AATTT	IM18GECKA/05/001	IM18GECKA/05/001_a	GECKA04	250	G	37,7	-9,32	84,7	8200	1	2018	July	28/07/2018	6034334	5543263	5141229	2207986	2007695	66,54238894	1964625	46624	7836	4396	46426	1970272	46551	8116	4876	46350
G0101	ACGTA	IM18GECKA/05/002	IM18GECKA/05/002_a	GECKA04	250	G	37,66	-9,15	71,4	5490	2	2018	July	29/07/2018	5417782	5379640	4975468	2297497	2094860	77,33275351	2069611	46097	9773	5431	45908	2075512	46026	9978	5829	45818
G0109	CCAAC	IM18GECKA/05/004	IM18GECKA/05/004_a	GECKA04	250	G	36,77	-9,01	124,8	24980	2	2018	July	31/07/2018	5413692	5353533	4948536	2277239	2073582	76,60509685	2043575	46401	8033	4514	46203	2049062	46355	8221	4885	46148
G0152	GGTTC	IM18GECKA/06/003	IM18GECKA/06/003_a	GECKA05	500	G	42,94	-9,56	73	5326	2	2018	September	25/09/2018	3921208	3804776	3516637	1586477	1412862	72,06258888	1394904	46047	7708	4322	45859	1398751	45964	7899	4715	45763
G0179	GCGCC	IM18GECKA/06/001	IM18GECKA/06/001_b	GECKA06	250	G	42,29	-9,46	83	7545	2	2018	September	20/09/2018	4269782	4161430	3886011	1788338	1627246	76,22150264	1610787	46039	7793	4383	45848	1614977	45939	8000	4785	45739
MED0114	GCCGG	IM18GECKA/10/006	IM18GECKA/10/006_a	GECKA04	250	MED	40,52	24,53	21	128	0	2018	July	06/07/2003	6782890	6582047	6121276	2782322	2520353	74,31501911	2422400	55514	10070	5669	55300	2429652	55452	10346	6156	55224
MED0156	TGCAA	IM18GECKA/10/007	IM18GECKA/10/007_a	GECKA05	500	MED	40,37	25,09	40	955	0	2018	July	07/07/2003	4868558	4686270	4366581	1971657	1750200	71,89808563	1640598	60647	10265	5775	60440	1645833	60558	10400	6140	60323
MED0159	TTTTA	IM18GECKA/11/001	IM18GECKA/11/001_b	GECKA05	500	MED	42,1	3,41	12,5	27,3	0	2018	July	24/07/2018	5507794	5373703	4958157	2247268	1983540	72,02665895	1940671	46775	7467	4188	46592	1946034	46723	7668	4576	46533
MED0164	AATTT	IM18GECKA/10/005	IM18GECKA/10/005_a	GECKA06	250	MED	40,47	25,27	29,7	378	0	2018	July	06/07/2003	4607206	4227221	3968381	1725435	1571570	68,22225878	1490220	50819	9462	5297	50635	1494588	50779	9561	5642	50580
MED0200	ATTAG	IM18GECKA/11/002	IM18GECKA/11/002_a	GECKA07	500	MED	42,1	3,41	26,1	252,2	2	2018	July	24/07/2018	6090314	5945782	5484932	2489424	2254897	74,04862869	2217159	46432	7647	4292	46207	2220736	46412	7791	4655	46183
MED0216	GGTTC	IM18GECKA/11/003	IM18GECKA/11/003_a	GECKA07	500	MED	42,1	3,41	34,5	867,7	2	2018	July	24/07/2018	5770942	5606954	5158188	2323004	2110324	73,13620549	2071960	46255	7433	4170	46069	2075330	46205	7666	4551	46014
MED0257	AAAAA	IM18GECKA/10/003	IM18GECKA/10/003_a	GECKA09	500	MED	39,07	24,45	54,4	2840	0	2018	July	02/07/2018	11235456	10609961	9785127	4331281	3705205	65,95557848	3546167	50375	9874	5493	50156	3553598	50342	10179	5955	50106
MED0273	GCATT	IM18GECKA/10/001	IM18GECKA/10/001_a	GECKA09	500	MED	35,44	25,25	66,4	3250	2	2018	August	20/08/2010	6791394	6257920	5752525	2461261	2144904	63,16535309	2079462	49193	9554	5350	49004	2082720	49107	9764	5736	48901
MED0280	GGTTC	IM18GECKA/10/004	IM18GECKA/10/004_a	GECKA09	500	MED	38,73	24,37	N/A	N/A	0	2018	July	04/07/2018	8057948	7681377	7132005	3192733	2752538	68,31858433	2593158	57250	6365	3608	57010	2597472	57190	6600	4013	56945
MED0285	TGGTT	IM18GECKA/10/002	IM18GECKA/10/002_a	GECKA09	500	MED	38,94	24,29	43,8	3220	0	2018	July	02/07/2018	6007214	5658831	5203243	2283730	1995816	66,44730819	1903692	52917	5930	3365	52700	1906115	52816	6211	3792	52587
