#analysisID	Barcode	SampleID	DNAID	Pool	ng DNA	AREA	Latitude	Longitude	Size_cm	Weight_g	Sex	year	month	Date	Total (R1+R2)	RADTag (R1+R2)	GoodQual (R1+R2)	BothPairs present	NoPCRdup	% retained	RetainedReads_M2	Tags_M2	HeTags_M2	Alleles_M2	SNPs_M2	RetainedReads_M4	Tags_M4	HeTags_M4	Alleles_M4	SNPs_M4	RetainedReads_M6	Tags_M6	HeTags_M6	Alleles_M6	SNPs_M6
A0002	AACCC	IM18GECKA/01/052	IM18GECKA/01/052_a	GECKA01	500	A	59,58	3,82	60	3260	1	2018	July	30/07/2018	9373564	9299792	8713413	4084660	3445021	73,50504035	3292965	55354	4224	8837	4921	3301372	55247	4296	9281	5517	3305782	55350	4238	9369	5731
A0004	AATTT	IM18GECKA/01/049	IM18GECKA/01/049_a	GECKA01	500	A	57,86	2,59	45	1378	1	2018	July	29/07/2018	6775346	6329360	5919296	2611226	2260005	66,71260774	2167674	48274	3997	8266	4653	2172807	48213	4058	8591	5145	2175077	48285	3992	8501	5303
A0005	ACGTA	IM18GECKA/01/054	IM18GECKA/01/054_a	GECKA01	500	A	59,81	2,11	56	2470	1	2018	July	31/07/2018	6363906	6247487	5856268	2720056	2330951	73,25535607	2232921	46948	3817	7917	4454	2238053	46897	3870	8205	4924	2240314	46961	3810	8132	5047
A0006	AGCTG	IM18GECKA/03/142	IM18GECKA/03/142_a	GECKA01	500	A	53,96	0,26	42,5	1187	1	2018	August	14/08/2018	7356778	7032173	6584441	2976616	2526954	68,697302	2440094	49162	3987	8256	4650	2446083	49112	4037	8529	5127	2448649	49197	3979	8490	5261
A0010	CACAG	IM18GECKA/03/150	IM18GECKA/03/150_a	GECKA01	500	A	57,38	-1,2	30,9	575	1	2018	August	22/08/2018	5061214	4802060	4525834	2051573	1775651	70,16699946	1608262	52324	4086	8398	4755	1613030	52206	4156	8711	5271	1615791	52268	4115	8751	5551
A0011	CAGTC	IM18GECKA/03/176	IM18GECKA/03/176_a	GECKA01	500	A	61,18	1,28	8,4	11	0	2018	September	01/09/2018	10120510	9995508	9315372	4322080	3639113	71,91560504	3488071	64704	4273	8918	5022	3495076	64593	4356	9303	5609	3498162	64702	4297	9351	5842
A0016	CTTCC	IM18GECKA/01/050	IM18GECKA/01/050_a	GECKA01	500	A	58,81	2,42	26	304	2	2018	July	29/07/2018	6049370	5856468	5507877	2533689	2182997	72,17270559	2090259	48243	3959	8153	4563	2094918	48169	3986	8394	5015	2097518	48241	3934	8405	5194
A0022	GGCCT	IM18GECKA/03/147	IM18GECKA/03/147_a	GECKA01	500	A	55,52	4,58	48	3030	2	2018	August	17/08/2018	7799122	7333461	6887338	3068989	2621044	67,21382227	2516417	51004	3951	8200	4600	2522619	50924	3994	8475	5114	2525841	51007	3930	8468	5240
A0033	AAAAA	IM18GECKA/03/191	IM18GECKA/03/191_a	GECKA02	500	A	60,35	1,21	63	4330	1	2018	September	03/09/2018	9471608	9282597	8752370	4081522	3341757	70,56366775	3256320	48068	3944	8272	4593	3263856	48045	3953	8482	4994	3267429	48167	3903	8457	5165
A0035	AAGGG	IM18GECKA/03/166	IM18GECKA/03/166_a	GECKA02	500	A	59,32	1,69	53,9	2681	1	2018	August	30/08/2018	6225312	5872083	5611526	2548975	2113456	67,89879768	1928410	53946	4083	8420	4757	1934901	53853	4109	8651	5190	1938593	53900	4069	8656	5398
A0036	AATTT	IM18GECKA/03/098	IM18GECKA/03/098_a	GECKA02	500	A	55,52	4,58	44	1431	2	2018	February	19/02/2018	5878984	5367114	5091062	2216656	1875089	63,78955956	1776644	48250	3859	7925	4472	1781047	48198	3910	8183	4918	1783257	48264	3833	8109	5047
A0039	ATGCT	IM18GECKA/01/056	IM18GECKA/01/056_a	GECKA02	500	A	59,81	2,56	51	1930	1	2018	July	31/07/2018	6348674	6096486	5735857	2612983	2205400	69,47592521	2154139	46855	3812	7870	4418	2158991	46796	3860	8071	4843	2161034	46863	3813	8064	5027
A0048	CTTCC	IM18GECKA/03/180	IM18GECKA/03/180_a	GECKA02	500	A	61,19	0,31	9,4	13,8	0	2018	September	01/09/2018	11795848	11417934	10785292	4969922	4023832	68,22454816	3827391	106594	5880	12221	6921	3836456	106358	6019	12830	7826	3840555	106429	5971	12857	8158
A0051	GCGCC	IM18GECKA/03/179	IM18GECKA/03/179_a	GECKA02	500	A	61,19	0,31	9,9	18	0	2018	September	01/09/2018	10294520	10035413	9433531	4355449	3595603	69,85469939	3453267	66979	4473	9350	5289	3461123	66907	4520	9591	5815	3464658	67011	4457	9643	6032
A0052	GCTAA	IM18GECKA/03/183	IM18GECKA/03/183_a	GECKA02	500	A	61,19	0,31	8,7	9,7	0	2018	September	01/09/2018	10316346	9648431	9163516	4093916	3349339	64,93266123	3114471	63275	4368	9099	5147	3124735	63187	4415	9424	5707	3130097	63260	4372	9489	5983
A0069	ACGTA	IM18GECKA/03/165	IM18GECKA/03/165_a	GECKA03	500	A	57,68	4,73	61,4	3293	1	2018	August	28/08/2018	4117164	3973333	3762674	1740123	1474600	71,63183201	1396223	45631	3523	7256	4060	1399684	45563	3557	7439	4410	1401898	45601	3510	7397	4581
A0070	AGCTG	IM18GECKA/03/167	IM18GECKA/03/167_a	GECKA03	500	A	59,32	1,69	54,4	2442	2	2018	August	30/08/2018	8167638	7812597	7335176	3335741	2788371	68,27851577	2694122	51477	4441	9303	5228	2698613	51430	4460	9500	5664	2701137	51577	4392	9439	5801
A0077	CCAAC	IM18GECKA/03/182	IM18GECKA/03/182_a	GECKA03	500	A	61,19	0,31	9,9	13	0	2018	September	01/09/2018	9005882	8892658	8296554	3876943	3256157	72,31178468	3101077	88959	5063	10453	5946	3105887	88786	5135	10799	6593	3108429	88840	5068	10800	6908
A0115	GCGCC	IM18GECKA/01/053	IM18GECKA/01/053_a	GECKA04	250	A	59,94	3,72	61	2690	2	2018	July	30/07/2018	7874116	7682005	7147501	3266395	2928090	74,37253909	2832196	49620	3911	8094	4520	2841402	49575	3948	8351	4984	2844221	49667	3880	8323	5083
A0117	GGAAG	IM18GECKA/01/051	IM18GECKA/01/051_a	GECKA04	250	A	59,58	3,82	59	3444	1	2018	July	30/07/2018	6952144	6750065	6273110	2853081	2569311	73,91420546	2492075	48604	3978	8193	4587	2498891	48527	4030	8461	5068	2500854	48611	3945	8395	5173
A0130	AACCC	IM18GECKA/01/058	IM18GECKA/01/058_a	GECKA05	500	A	59,9	1,76	69	4470	1	2018	August	01/08/2018	8630934	8521962	7926239	3660990	3163675	73,31014233	3027241	48022	4060	8396	4701	3036264	47986	4108	8696	5189	3039467	48110	4042	8599	5295
A0135	ATGCT	IM18GECKA/01/055	IM18GECKA/01/055_a	GECKA05	500	A	59,81	2,11	66	3570	2	2018	July	31/07/2018	4490468	4307024	3979310	1774865	1578201	70,29115896	1530040	47363	3845	7888	4428	1534540	47302	3876	8056	4817	1535938	47345	3819	8005	4978
A0141	CCAAC	IM18GECKA/03/184	IM18GECKA/03/184_a	GECKA05	600	A	61,19	0,31	8,7	10	0	2018	September	01/09/2018	6819910	6550084	6130549	2776808	2412558	70,75043512	2319225	46958	3972	8192	4583	2326480	46889	4022	8444	5008	2328935	46973	3958	8447	5164
A0145	GCATT	IM18GECKA/01/004	IM18GECKA/01/004_a	GECKA05	500	A	57,18	-1,55	12	35	0	2018	February	10/02/2018	5506438	5140415	4735073	2050148	1813486	65,86784415	1778668	46530	3853	7934	4460	1783481	46463	3887	8140	4862	1785028	46524	3824	8078	4997
A0147	GCGCC	IM18GECKA/01/068	IM18GECKA/01/068_a	GECKA05	500	A	58,66	1,09	64	4484	1	2018	August	05/08/2018	5147824	4993045	4646406	2110563	1866034	72,49797196	1795898	56308	4331	8915	5113	1801945	56156	4438	9402	5797	1803849	56179	4432	9548	6160
A0149	GGAAG	IM18GECKA/01/067	IM18GECKA/01/067_a	GECKA05	500	A	59,68	1,25	99	18800	2	2018	August	04/08/2018	4850268	4679394	4355925	1970138	1740822	71,78250769	1661001	48509	3911	8012	4520	1665957	48457	3951	8267	4946	1667284	48521	3879	8229	5065
A0154	TCTCT	IM18GECKA/01/074	IM18GECKA/01/074_a	GECKA05	500	A	55,54	0,78	54	2640	2	2018	August	12/08/2018	4838240	4662265	4332030	1952894	1738899	71,88146929	1641308	81624	6387	13088	7879	1646388	81096	6685	13947	9450	1648284	80975	6669	14085	10158
A0160	CTGAA	IM18GECKA/01/075	IM18GECKA/01/075_a	GECKA05	500	A	55,56	1,66	42	1325	2	2018	August	12/08/2018	6875122	6653533	6168966	2785367	2433589	70,79406009	2402033	46567	3916	8047	4514	2408768	46511	3962	8288	4903	2410855	46608	3876	8223	5031
A0181	GGAAG	IM18GECKA/01/061	IM18GECKA/01/061_a	GECKA06	250	A	61,16	1,08	69	4000	2	2018	August	02/08/2018	3960306	3844145	3594167	1651709	1503588	75,93292033	1476094	46122	3855	7864	4435	1479723	46063	3878	7999	4791	1480692	46111	3810	7940	4944
A0196	AATTT	IM18GECKA/03/181	IM18GECKA/03/181_a	GECKA07	500	A	61,19	0,31	9,7	12,4	0	2018	September	01/09/2018	4263386	3854728	3582272	1516076	1379898	64,73249197	1350838	45398	3499	7130	4027	1353248	45315	3538	7348	4440	1354614	45369	3487	7317	4593
A0197	ACGTA	IM18GECKA/03/185	IM18GECKA/03/185_a	GECKA07	500	A	61,19	0,31	8,7	10	0	2018	September	01/09/2018	5012864	4883247	4541794	2075238	1892913	75,52221644	1820761	46958	3932	8117	4575	1824548	46869	4003	8403	5064	1826613	46930	3947	8384	5222
A0205	CCAAC	IM18GECKA/01/066	IM18GECKA/01/066_a	GECKA07	500	A	59,28	1,19	56	2480	1	2018	August	04/08/2018	6497974	6407868	5915920	2712394	2444196	75,22947922	2390893	47362	3935	8113	4532	2394749	47280	4008	8410	5021	2396441	47359	3968	8459	5226
A0220	TGCAA	IM18GECKA/03/200	IM18GECKA/03/200_a	GECKA07	500	A	58,39	0,72	69,5	4813	1	2018	September	06/09/2018	6237818	6018209	5552603	2492998	2258672	72,41865665	2190987	52556	4153	8572	4854	2194946	52467	4231	8917	5400	2196852	52506	4188	8948	5684
A0222	TTGGC	IM18GECKA/01/005	IM18GECKA/01/005_a	GECKA07	500	A	56,63	-0,86	30	397	0	2018	February	11/02/2018	9341580	9263178	8583997	3967068	3525021	75,46948161	3414188	88502	7921	16284	9961	3421731	87784	8443	17670	12271	3425244	87714	8444	17887	13304
A0229	ACGTA	IM18GECKA/03/159	IM18GECKA/03/159_a	GECKA08	500	A	57,32	2,47	15,9	54	1	2018	August	26/08/2018	6966166	6886593	6386654	2945863	2626590	75,40991702	2581617	46798	3907	8078	4524	2585369	46749	3964	8366	4967	2587236	46828	3915	8368	5173
A0231	ATGCT	IM18GECKA/01/001	IM18GECKA/01/001_a	GECKA08	500	A	57,18	-1,55	20	141	0	2018	February	10/02/2018	4095878	3935678	3641760	1631290	1482967	72,41265487	1455087	45905	3788	7779	4383	1457217	45836	3826	7983	4771	1458400	45895	3759	7914	4876
A0237	CCAAC	IM18GECKA/01/003	IM18GECKA/01/003_a	GECKA08	500	A	57,18	-1,55	15	63,3	0	2018	February	10/02/2018	5129678	5046316	4673768	2144941	1931718	75,31537067	1879698	47492	3874	7948	4450	1882569	47411	3907	8143	4877	1884100	47500	3819	8070	4975
A0245	GGAAG	IM18GECKA/03/199	IM18GECKA/03/199_a	GECKA08	500	A	58,39	0,72	51,2	2228	2	2018	September	06/09/2018	2705946	2561857	2389549	1065030	968941	71,61569374	942799	42161	3016	6182	3459	944449	42068	3067	6395	3829	945140	42122	3011	6326	3917
A0251	TGACC	IM18GECKA/03/192	IM18GECKA/03/192_a	GECKA08	500	A	60,35	1,21	66	4540	1	2018	September	03/09/2018	5535822	5373504	5019796	2292221	2055348	74,25628931	2017834	46479	3856	7945	4445	2021121	46415	3906	8155	4854	2022962	46489	3831	8114	4951
A0258	AACCC	IM18GECKA/01/002	IM18GECKA/01/002_a	GECKA09	500	A	57,18	-1,55	15	101	0	2018	February	10/02/2018	7757716	7712457	7093065	3283484	2831700	73,00344586	2763574	47621	3887	8040	4504	2767412	47554	3951	8282	4974	2769286	47626	3872	8195	5097
A0271	CTCTT	IM18GECKA/03/175	IM18GECKA/03/175_a	GECKA09	500	A	61,18	1,28	7,9	14	0	2018	September	01/09/2018	6940798	6335396	5865563	2504243	2148196	61,90054803	2107131	46554	3795	7772	4364	2110050	46499	3823	7982	4767	2112129	46581	3746	7887	4875
A0275	GCGCC	IM18GECKA/03/178	IM18GECKA/03/178_a	GECKA09	500	A	61,25	0,56	8,5	12	0	2018	September	01/09/2018	6623790	6402738	6003156	2749998	2349771	70,94944133	2279241	47020	3888	8037	4481	2284097	46975	3909	8228	4852	2286222	47058	3834	8149	4971
B0026	TCTCT	IM18GECKA/01/038	IM18GECKA/01/038_a	GECKA01	600	B	56,92	-6	44	1540	2	2018	November	30/11/2018	2279252	2199462	2105215	980593	841383	73,82974765	772264	45202	3548	7318	4059	775526	45113	3582	7511	4427	777580	45166	3537	7458	4565
B0028	TGCAA	IM18GECKA/01/041	IM18GECKA/01/041_a	GECKA01	600	B	56,92	-6	37	946	1	2018	November	30/11/2018	5099890	4940896	4719293	2199219	1813020	71,10035707	1675912	54313	3991	8263	4646	1681352	54227	4033	8489	5101	1684568	54279	3958	8478	5265
B0044	CATGA	IM18GECKA/01/034	IM18GECKA/01/034_a	GECKA02	500	B	56,22	-7,29	39	861	1	2018	November	29/11/2018	10506354	10129865	9568653	4400030	3620287	68,91614351	3342306	63300	4364	9147	5181	3350897	63168	4427	9475	5734	3355853	63249	4388	9563	6047
B0061	TGGTT	IM18GECKA/01/039	IM18GECKA/01/039_a	GECKA02	600	B	56,92	-6	58	2740	2	2018	November	30/11/2018	2508450	2313712	2225259	991098	824885	65,76850246	774396	45085	3405	6932	3871	777014	44991	3456	7127	4240	778611	45042	3394	7051	4374
B0102	AGCTG	IM18GECKA/02/101	IM18GECKA/02/101_a	GECKA04	250	B	56,18	-9,26	64	N/A	0	2018	April	13/04/2018	5160984	4947646	4560392	2030868	1859521	72,06071555	1815274	47187	3801	7821	4399	1820496	47104	3855	8042	4822	1821976	47161	3793	7971	4978
B0103	ATGCT	IM18GECKA/02/099	IM18GECKA/02/099_a	GECKA04	250	B	56,18	-9,26	56	N/A	0	2018	April	13/04/2018	3548678	3429484	3156214	1413954	1307688	73,70000885	1294053	45726	3781	7713	4328	1297450	45652	3806	7875	4702	1298563	45696	3742	7816	4790
B0104	ATTAG	IM18GECKA/02/118	IM18GECKA/02/118_a	GECKA04	250	B	57,7	-9,62	78	N/A	0	2018	April	15/04/2018	4430016	4329747	3999151	1819321	1668925	75,346229	1646215	46042	3792	7796	4353	1650660	45976	3820	7987	4719	1651948	46045	3741	7933	4831
B0110	CTAGG	IM18GECKA/02/098	IM18GECKA/02/098_a	GECKA04	250	B	55,59	-9,56	81	N/A	0	2018	April	13/04/2018	3930734	3772565	3483158	1557817	1451618	73,85989487	1425174	60286	15725	31807	21598	1429817	56995	18887	38413	32986	1431719	57128	18712	38201	34423
B0111	CTCTT	IM18GECKA/02/104	IM18GECKA/02/104_a	GECKA04	250	B	56,57	-9,16	70	N/A	0	2018	April	14/04/2018	5969156	5459026	5021792	2125292	1941877	65,06370415	1906133	46654	3906	8047	4505	1911406	46593	3936	8244	4898	1913031	46668	3861	8184	5022
B0119	GGGGA	IM18GECKA/02/116	IM18GECKA/02/116_a	GECKA04	250	B	57,7	-9,62	62	N/A	0	2018	April	15/04/2018	5792570	5707082	5268117	2410708	2196409	75,83538913	2146444	47565	3931	8095	4527	2152157	47494	3996	8355	4975	2153965	47568	3935	8340	5135
B0120	GGTTC	IM18GECKA/02/102	IM18GECKA/02/102_a	GECKA04	250	B	56,57	-9,16	93	N/A	0	2018	April	14/04/2018	5120406	5035752	4655868	2131929	1947684	76,07537371	1909699	46488	3890	7998	4473	1914864	46400	3949	8249	4972	1916298	46469	3871	8164	5091
B0123	TGACC	IM18GECKA/01/108	IM18GECKA/01/108_a	GECKA04	250	B	55,9	-15,26	100	17700	2	2018	September	24/09/2018	5076718	4884783	4507117	2018209	1849143	72,84796989	1791798	46286	3834	7941	4439	1797152	46221	3877	8218	4894	1798626	46283	3806	8153	4995
B0133	ACGTA	IM18GECKA/01/126	IM18GECKA/01/126_a	GECKA05	500	B	56,59	-14,72	70	5570	1	2018	September	25/09/2018	5105020	5060604	4664276	2141739	1900053	74,43861141	1867464	46539	3883	8071	4522	1872423	46458	3920	8313	4936	1873994	46538	3850	8234	5056
B0153	TCAGA	IM18GECKA/02/109	IM18GECKA/02/109_a	GECKA05	500	B	56,87	-9,07	58	N/A	0	2018	April	14/04/2018	5258156	5174462	4778893	2185144	1928246	73,3430503	1902859	46269	3848	7901	4433	1908071	46198	3903	8157	4907	1909693	46276	3825	8078	5016
B0155	TGACC	IM18GECKA/01/101	IM18GECKA/01/101_a	GECKA05	500	B	57,19	-13,71	73	5150	2	2018	September	23/09/2018	4945042	4738377	4378233	1952597	1734047	70,13275115	1665573	46837	3849	7964	4466	1670469	46752	3905	8230	4901	1672170	46836	3840	8166	5071
B0161	AAAAA	IM18GECKA/02/119	IM18GECKA/02/119_a	GECKA06	250	B	57,7	-9,62	53	N/A	0	2018	April	15/04/2018	4763206	4670684	4355232	2019955	1825664	76,65694072	1779234	47033	3840	7866	4410	1783696	46935	3896	8097	4841	1785009	47002	3822	8001	4931
B0163	AAGGG	IM18GECKA/02/107	IM18GECKA/02/107_a	GECKA06	250	B	56,62	-9,03	63	N/A	0	2018	April	14/04/2018	4304526	4183269	3915255	1803569	1639220	76,16262511	1608687	46374	3970	8101	4564	1612942	46307	4004	8295	4941	1614134	46369	3921	8202	5046
B0166	AGCTG	IM18GECKA/02/114	IM18GECKA/02/114_a	GECKA06	250	B	57,64	-9,7	50	N/A	0	2018	April	15/04/2018	3794260	3597520	3355900	1501137	1368786	72,15035343	1355471	45522	3608	7375	4146	1359020	45437	3650	7568	4514	1360150	45479	3586	7481	4595
B0167	ATGCT	IM18GECKA/02/115	IM18GECKA/02/115_a	GECKA06	250	B	57,64	-9,7	74	N/A	0	2018	April	15/04/2018	3262696	3135998	2923144	1324704	1215696	74,52094832	1196956	45817	3718	7587	4284	1199867	45732	3733	7682	4613	1200694	45775	3664	7591	4725
B0171	CAGTC	IM18GECKA/02/108	IM18GECKA/02/108_a	GECKA06	250	B	56,87	-9,07	76	N/A	0	2018	April	14/04/2018	4298574	4223295	3939551	1826348	1658826	77,18029281	1641779	46084	3802	7779	4366	1645612	46003	3821	7900	4721	1646833	46071	3752	7796	4794
B0173	CCAAC	IM18GECKA/02/112	IM18GECKA/02/112_a	GECKA06	250	B	57,05	-9,24	91	N/A	0	2018	April	14/04/2018	4543088	4494097	4190744	1956630	1772558	78,03317919	1742712	46149	3785	7801	4358	1746892	46077	3807	7945	4685	1748297	46128	3757	7901	4851
B0174	CTAGG	IM18GECKA/02/096	IM18GECKA/02/096_a	GECKA06	250	B	55,59	-9,56	63	N/A	0	2018	April	13/04/2018	3644206	3489668	3260300	1477796	1352973	74,25337646	1330586	45960	3847	7848	4417	1334179	45897	3858	7964	4758	1335169	45939	3797	7874	4855
B0175	CTCTT	IM18GECKA/02/106	IM18GECKA/02/106_a	GECKA06	250	B	56,62	-9,03	55	N/A	0	2018	April	14/04/2018	5307006	4898850	4568199	1983507	1799153	67,80293823	1762238	46642	3813	7842	4391	1766890	46576	3839	7996	4764	1768445	46639	3776	7905	4894
B0177	GCATT	IM18GECKA/02/100	IM18GECKA/02/100_a	GECKA06	250	B	56,18	-9,26	52	N/A	0	2018	April	13/04/2018	4557390	4225822	3938262	1718239	1563844	68,62893016	1533192	46545	3771	7691	4307	1536787	46453	3807	7877	4708	1537865	46511	3754	7839	4860
B0183	GGGGA	IM18GECKA/02/111	IM18GECKA/02/111_a	GECKA06	250	B	57,05	-9,24	48	N/A	0	2018	April	14/04/2018	4109356	4027002	3764076	1744601	1589492	77,35966414	1539395	46696	3853	7859	4448	1543151	46636	3867	8001	4846	1544363	46692	3803	7933	4949
B0186	TCTCT	IM18GECKA/02/103	IM18GECKA/02/103_a	GECKA06	250	B	56,57	-9,16	48	N/A	0	2018	April	14/04/2018	4825368	4717942	4407447	2036949	1843580	76,41199593	1804175	46847	3804	7812	4406	1808794	46780	3838	8008	4791	1810300	46827	3779	7925	4919
B0189	TGGTT	IM18GECKA/02/113	IM18GECKA/02/113_a	GECKA06	250	B	57,05	-9,24	68	N/A	0	2018	April	14/04/2018	4729882	4465739	4171235	1860681	1690004	71,46072566	1643915	47052	3875	7991	4466	1648393	46980	3909	8166	4842	1649677	47036	3854	8110	4965
B0195	AAGGG	IM18GECKA/01/118	IM18GECKA/01/118_a	GECKA07	500	B	56,74	-14,72	67	4060	1	2018	September	25/09/2018	4978834	4838316	4466470	2019895	1840612	73,93747211	1819178	46311	3794	7766	4347	1822128	46256	3831	8005	4771	1823500	46330	3767	7955	4882
B0206	CTAGG	IM18GECKA/01/105	IM18GECKA/01/105_a	GECKA07	500	B	55,9	-15,26	68	3530	1	2018	September	24/09/2018	3629818	3461478	3188253	1413479	1302973	71,79274553	1267244	45966	3699	7569	4267	1269260	45902	3732	7740	4614	1270113	45953	3661	7636	4715
B0213	GGAAG	IM18GECKA/01/007	IM18GECKA/01/007_a	GECKA07	500	B	59,81	-5,18	70	4700	2	2018	November	16/11/2018	5300662	5129460	4724917	2123986	1934217	72,98020511	1899750	46244	3870	7923	4449	1902524	46188	3897	8081	4816	1903475	46249	3831	8009	4934
B0221	TGGTT	IM18GECKA/01/116	IM18GECKA/01/116_a	GECKA07	500	B	56,6	-15,14	69	3920	1	2018	September	24/09/2018	5270412	4968097	4562551	1994358	1821018	69,10344011	1793235	46350	3863	7914	4421	1796116	46260	3914	8131	4835	1797316	46315	3863	8101	4977
B0227	AAGGG	IM18GECKA/01/097	IM18GECKA/01/097_a	GECKA08	500	B	57,63	-14,1	73	4850	2	2018	September	23/09/2018	5800388	5635986	5251028	2394850	2147882	74,0599422	2113761	46403	3861	7978	4458	2117166	46342	3896	8205	4867	2118515	46436	3816	8147	4962
B0235	CAGTC	IM18GECKA/01/036	IM18GECKA/01/036_a	GECKA08	500	B	56,41	-7,67	51	1560	1	2018	November	29/11/2018	8130212	7975004	7432458	3422317	3032308	74,59357763	2904690	52189	4197	8739	4921	2909665	52147	4251	9091	5469	2912146	52225	4203	9102	5696
B0238	CTAGG	IM18GECKA/01/015	IM18GECKA/01/015_a	GECKA08	500	B	55,52	-8,89	50	2035	1	2018	November	21/11/2018	5743768	5408036	5062727	2249786	2045914	71,23943725	1945055	62447	16284	33266	22424	1950057	59127	19467	40271	34015	1952800	59308	19249	40014	35332
B0240	CTTCC	IM18GECKA/01/110	IM18GECKA/01/110_a	GECKA08	500	B	56,12	-15,11	69	3700	1	2018	September	24/09/2018	8175818	7861402	7324173	3309582	2930918	71,69724179	2837084	48495	4165	8664	4868	2841997	48432	4233	9041	5389	2844376	48507	4180	8991	5618
B0247	GGGGA	IM18GECKA/01/095	IM18GECKA/01/095_a	GECKA08	500	B	57,63	-13,38	89	9960	2	2018	September	22/09/2018	4891566	4796993	4462594	2049237	1848951	75,59750804	1786704	48630	3865	7967	4453	1789510	48543	3916	8227	4919	1791000	48585	3862	8210	5104
B0253	TGGTT	IM18GECKA/01/014	IM18GECKA/01/014_a	GECKA08	500	B	55,52	-8,89	45	1381	1	2018	November	21/11/2018	6422840	6047255	5623699	2484755	2224910	69,28119025	2157332	47452	4042	8413	4681	2161144	47373	4071	8674	5155	2162855	47459	4021	8654	5325
B0259	AAGGG	IM18GECKA/01/010	IM18GECKA/01/010_a	GECKA09	500	B	59,62	-6,2	105	16800	2	2018	November	17/11/2018	6995464	6751741	6263332	2839730	2455870	70,21321245	2372793	50345	3996	8203	4617	2375975	50269	4012	8358	5013	2377331	50330	3947	8316	5146
B0264	ATTAG	IM18GECKA/01/103	IM18GECKA/01/103_a	GECKA09	500	B	56,31	-15,8	87	7200	2	2018	September	24/09/2018	6113636	5940568	5482912	2491010	2165945	70,85619752	2117431	47129	3915	8046	4488	2120529	47057	3946	8261	4908	2121781	47175	3846	8127	4979
B0266	CACAG	IM18GECKA/01/020	IM18GECKA/01/020_a	GECKA09	500	B	55,66	-9,34	64	3330	2	2018	November	21/11/2018	5544124	5262495	4823951	2131621	1883987	67,96337889	1780528	84513	9441	19713	11555	1785913	83482	9853	21030	13765	1789226	83464	9840	21298	14820
B0269	CCAAC	IM18GECKA/01/008	IM18GECKA/01/008_a	GECKA09	500	B	59,81	-5,18	60	2790	1	2018	November	16/11/2018	9151672	8934697	8272386	3788900	3234459	70,68564083	3106093	57067	4192	8694	4889	3110461	56987	4256	9051	5397	3112757	57083	4198	9036	5635
B0277	GGAAG	IM18GECKA/01/009	IM18GECKA/01/009_a	GECKA09	500	B	59,81	-5,18	85	8260	2	2018	November	16/11/2018	5285678	5076313	4682543	2101618	1837001	69,50862311	1778375	48401	3861	7908	4445	1780565	48316	3901	8110	4854	1781538	48392	3815	7977	4962
C0003	AAGGG	IM18GECKA/03/063	IM18GECKA/03/063_a	GECKA01	500	C	49,62	-6,11	59	2843	1	2018	February	17/02/2018	7144276	6964223	6527490	3010424	2585531	72,38049034	2515979	47955	3941	8123	4543	2521763	47903	3989	8392	5004	2524528	47983	3922	8334	5116
C0007	ATGCT	IM18GECKA/03/050	IM18GECKA/03/050_a	GECKA01	500	C	48,86	-5,17	60	2940	1	2018	April	09/04/2018	5024088	4847037	4530134	2062198	1798479	71,59424755	1760934	46127	3837	7865	4422	1765057	46065	3860	8052	4811	1766789	46137	3793	7960	4920
C0019	GCGCC	IM18GECKA/03/060	IM18GECKA/03/060_a	GECKA01	500	C	49,62	-6,11	20	166	2	2018	February	17/02/2018	6212146	6038642	5672450	2614374	2266859	72,98151074	2123957	60583	4314	8918	5031	2129757	60476	4341	9140	5503	2132383	60551	4263	9079	5699
C0021	GGAAG	IM18GECKA/03/077	IM18GECKA/03/077_a	GECKA01	500	C	49,85	-5,95	36	797	1	2018	February	18/02/2018	6267904	6035498	5649059	2573456	2226583	71,04713155	2096964	58543	4170	8589	4834	2101836	58453	4225	8872	5343	2104084	58537	4161	8880	5507
C0027	TGACC	IM18GECKA/03/053	IM18GECKA/03/053_a	GECKA01	600	C	49,71	-4,05	43	1261	1	2018	February	16/02/2018	3510578	3377197	3198782	1472502	1291559	73,58098866	1200955	48794	3713	7590	4249	1204633	48688	3766	7855	4700	1206668	48735	3702	7789	4831
C0034	AACCC	IM18GECKA/03/086	IM18GECKA/03/086_a	GECKA02	500	C	49,85	-5,74	67	4730	1	2018	February	18/02/2018	9858784	9787756	9256959	4376486	3675689	74,56678227	3550843	65450	16598	34017	22909	3560173	62083	19862	41288	34837	3564845	62290	19652	41127	36278
C0041	CAACT	IM18GECKA/03/078	IM18GECKA/03/078_a	GECKA02	500	C	49,85	-5,95	38	1002	1	2018	February	18/02/2018	7116856	6322572	5973760	2509241	2146405	60,31891049	2067314	61364	16156	32851	22206	2073089	58045	19363	39747	33845	2075882	58223	19155	39539	35248
C0043	CAGTC	IM18GECKA/03/076	IM18GECKA/03/076_a	GECKA02	500	C	49,85	-5,95	38	1020	1	2018	February	18/02/2018	4954348	4757684	4516731	2078988	1763746	71,19992378	1660418	50190	3940	8113	4551	1664443	50123	3958	8278	4977	1666339	50195	3886	8213	5118
C0046	CTAGG	IM18GECKA/03/097	IM18GECKA/03/097_a	GECKA02	500	C	49,71	-5,37	66	3770	2	2018	February	19/02/2018	5630134	5368607	5074171	2306524	1955989	69,48285778	1863855	50594	3921	8077	4501	1868123	50524	3967	8322	4942	1870136	50587	3914	8306	5130
C0047	CTCTT	IM18GECKA/03/095	IM18GECKA/03/095_a	GECKA02	500	C	49,71	-5,37	40	945	2	2018	February	19/02/2018	8225962	7369769	6969025	2955181	2455646	59,70477374	2401195	46599	3836	7922	4437	2406510	46571	3863	8120	4827	2408815	46656	3799	8129	4973
C0049	GCATT	IM18GECKA/03/052	IM18GECKA/03/052_a	GECKA02	500	C	49,71	-4,05	55	2919	1	2018	February	16/02/2018	5669722	5103642	4838161	2070625	1745047	61,55670419	1714042	46018	3821	7872	4416	1718063	45968	3840	8025	4774	1719910	46035	3771	7959	4916
C0073	CAACT	IM18GECKA/03/096	IM18GECKA/03/096_a	GECKA03	500	C	49,71	-5,37	51	2148	2	2018	February	19/02/2018	4998670	4198036	3929600	1528420	1319034	52,77539826	1249302	46953	3734	7647	4298	1251569	46864	3760	7812	4730	1252923	46904	3709	7774	4873
C0074	CACAG	IM18GECKA/03/051	IM18GECKA/03/051_a	GECKA03	500	C	49,71	-4,05	43	1192	1	2018	February	16/02/2018	5225456	5021267	4717528	2161334	1846991	70,69205061	1729604	58518	4009	8236	4643	1732695	58419	4041	8422	5088	1734754	58483	3990	8407	5309
C0076	CATGA	IM18GECKA/03/073	IM18GECKA/03/073_a	GECKA03	500	C	49,85	-5,95	52	516	2	2018	February	18/02/2018	7367800	7228653	6793353	3173206	2636130	71,55813133	2558807	49030	3899	8068	4533	2562821	48957	3912	8205	4899	2565003	49027	3836	8110	5032
C0079	CTCTT	IM18GECKA/03/061	IM18GECKA/03/061_a	GECKA03	500	C	49,62	-6,11	36	749	2	2018	February	17/02/2018	7470902	6941057	6521722	2873476	2413700	64,61602628	2348587	47556	3833	7870	4408	2352525	47495	3858	8053	4799	2354226	47548	3798	7991	4977
C0080	CTTCC	IM18GECKA/03/080	IM18GECKA/03/080_a	GECKA03	500	C	49,85	-5,95	69	4440	2	2018	February	18/02/2018	4566920	4341922	4096950	1865159	1593554	69,78681475	1493500	49824	3809	7841	4421	1496559	49720	3856	8034	4870	1498453	49774	3796	7978	4994
C0083	GCGCC	IM18GECKA/03/094	IM18GECKA/03/094_a	GECKA03	500	C	49,71	-5,37	24	180	2	2018	February	19/02/2018	5944358	5756115	5412912	2496303	2115958	71,19214556	2052002	46584	3850	7967	4448	2056569	46515	3872	8126	4778	2058853	46595	3795	8016	4853
C0112	CTTCC	IM18GECKA/07/120	IM18GECKA/07/120_a	GECKA04	250	C	49,17	-8,34	73	3660	1	2018	November	19/11/2018	5600168	5427624	5003778	2254124	2058385	73,51154465	2005122	47175	3978	8352	4626	2010747	47125	4033	8601	5051	2012606	47224	3971	8582	5208
C0116	GCTAA	IM18GECKA/07/119	IM18GECKA/07/119_a	GECKA04	250	C	49,17	-8,34	77	4920	1	2018	November	19/11/2018	7503070	7187799	6636686	2958534	2671026	71,1982162	2589314	49826	4140	8615	4832	2597160	49753	4177	8910	5289	2599395	49850	4096	8847	5437
C0125	TGGTT	IM18GECKA/07/116	IM18GECKA/07/116_a	GECKA04	250	C	48,96	-8,44	97	11760	2	2018	November	19/11/2018	739800	657227	599480	246597	231616	62,61584212	207043	25649	1189	2423	1402	207563	25585	1215	2515	1565	207811	25590	1211	2532	1639
C0127	TTTTA	IM18GECKA/07/110	IM18GECKA/07/110_a	GECKA04	250	C	48,77	-8,56	87	9220	2	2018	November	19/11/2018	1893136	1824346	1682872	756365	703056	74,27422013	688435	41003	2764	5622	3197	690195	40910	2805	5785	3551	690681	40918	2775	5768	3685
C0129	AAAAA	IM18GECKA/07/117	IM18GECKA/07/117_a	GECKA05	500	C	49,17	-8,34	75	4960	2	2018	November	19/11/2018	5104008	4995094	4607638	2095834	1853092	72,61320907	1789411	49393	3863	7927	4447	1794551	49316	3927	8247	4956	1796008	49396	3833	8126	5047
C0137	CAACT	IM18GECKA/03/083	IM18GECKA/03/083_a	GECKA05	600	C	49,91	-5,69	69	4955	2	2018	February	18/02/2018	4042792	3297863	3081128	1144816	1017932	50,35787149	967212	44908	3546	7253	4072	970509	44830	3579	7441	4448	971714	44878	3511	7373	4517
C0138	CACAG	IM18GECKA/03/062	IM18GECKA/03/062_a	GECKA05	600	C	49,62	-6,11	35	634	2	2018	February	17/02/2018	4804664	4599547	4316440	1954359	1716767	71,46252058	1641744	48973	3890	7982	4491	1647071	48904	3915	8169	4888	1648874	48937	3870	8202	5087
C0146	GCCGG	IM18GECKA/07/065	IM18GECKA/07/065_a	GECKA05	500	C	49,98	-8,98	101,5	15900	2	2018	September	28/09/2018	5344056	5147011	4745264	2121597	1877940	70,28144915	1857495	46219	3789	7777	4361	1862611	46157	3815	7965	4748	1864490	46216	3756	7912	4863
C0148	GCTAA	IM18GECKA/07/109	IM18GECKA/07/109_a	GECKA05	500	C	48,77	-8,56	97	11880	2	2018	November	19/11/2018	2124380	2033576	1874611	833983	747587	70,3816643	733411	42672	3122	6346	3612	735517	42605	3147	6477	3918	736209	42658	3084	6385	3997
C0168	ATTAG	IM18GECKA/07/104	IM18GECKA/07/104_a	GECKA06	250	C	49,28	-9	58	2440	2	2018	November	18/11/2018	3378970	3292566	3075796	1418283	1311130	77,60530576	1294671	60134	15621	31676	21499	1298446	56928	18691	38228	32635	1300175	57084	18483	37953	33915
C0185	TCAGA	IM18GECKA/07/118	IM18GECKA/07/118_a	GECKA06	250	C	49,17	-8,34	63	3360	1	2018	November	19/11/2018	4576754	4488466	4191982	1944231	1764282	77,0975237	1715383	46936	3841	7888	4398	1719552	46847	3873	8075	4837	1720755	46890	3809	7999	4975
C0188	TGCAA	IM18GECKA/07/115	IM18GECKA/07/115_a	GECKA06	250	C	48,96	-8,44	67	3420	1	2018	November	19/11/2018	4702076	4554934	4245244	1940850	1760223	74,87003613	1740213	46011	3820	7867	4410	1744940	45951	3835	8021	4737	1746240	46009	3765	7949	4904
C0192	CTGAA	IM18GECKA/07/108	IM18GECKA/07/108_a	GECKA06	250	C	48,77	-8,56	86	7320	2	2018	November	19/11/2018	4919718	4740303	4426409	2015251	1824844	74,18490247	1788490	46195	3910	8048	4507	1793120	46137	3943	8238	4917	1794557	46210	3866	8151	5045
C0194	AACCC	IM18GECKA/07/106	IM18GECKA/07/106_a	GECKA07	500	C	49,14	-8,75	59	2600	1	2018	November	18/11/2018	2252440	2229639	2047859	938671	866893	76,97368187	849992	42903	3146	6431	3590	851293	42809	3193	6628	3963	852004	42851	3148	6583	4095
C0198	AGCTG	IM18GECKA/07/111	IM18GECKA/07/111_a	GECKA07	500	C	48,96	-8,44	101	16600	2	2018	November	19/11/2018	5326950	5107169	4686191	2079238	1893866	71,10507889	1874599	46086	3851	7888	4432	1877553	46020	3895	8100	4843	1879110	46077	3834	8053	4986
C0209	GCATT	IM18GECKA/07/103	IM18GECKA/07/103_a	GECKA07	500	C	49,28	-9	62	2740	1	2018	November	18/11/2018	4447452	4100306	3753816	1597221	1462107	65,75032176	1447599	45930	3747	7736	4314	1450177	45869	3801	7985	4720	1451117	45919	3738	7898	4855
C0211	GCGCC	IM18GECKA/07/113	IM18GECKA/07/113_a	GECKA07	500	C	48,96	-8,44	84	9320	2	2018	November	19/11/2018	2150936	2096475	1925491	869433	805278	74,87698379	793438	43518	3271	6657	3694	794806	43428	3321	6856	4075	795422	43473	3257	6764	4139
C0215	GGGGA	IM18GECKA/07/066	IM18GECKA/07/066_a	GECKA07	500	C	49,82	-8,98	56,5	3650	1	2018	September	28/09/2018	4397206	4313771	3964623	1800373	1648643	74,98593425	1622684	46106	3767	7711	4313	1625153	46036	3828	7984	4773	1626325	46108	3769	7941	4902
C0232	ATTAG	IM18GECKA/07/102	IM18GECKA/07/102_a	GECKA08	500	C	49,28	-9	68	4140	1	2018	November	18/11/2018	357966	308561	280975	112414	104336	58,29380444	70076	13441	338	713	421	70186	13398	369	790	537	70283	13392	378	828	599
C0241	GCATT	IM18GECKA/07/105	IM18GECKA/07/105_a	GECKA08	500	C	49,14	-8,75	66	3500	1	2018	November	18/11/2018	1714256	1408562	1291107	477168	439239	51,24543825	420742	35740	2110	4292	2447	421412	35670	2134	4392	2666	421811	35686	2116	4402	2772
C0249	TCAGA	IM18GECKA/07/112	IM18GECKA/07/112_a	GECKA08	500	C	48,96	-8,44	102	13900	2	2018	November	19/11/2018	2110956	2048812	1896078	860580	786649	74,53011811	772060	41929	3021	6163	3470	773082	41849	3048	6293	3785	773783	41880	3013	6286	3894
C0252	TGCAA	IM18GECKA/07/114	IM18GECKA/07/114_a	GECKA08	500	C	48,96	-8,44	65	3180	1	2018	November	19/11/2018	5682608	5496625	5085500	2293522	2063917	72,63978089	2020851	47097	3810	7823	4416	2023951	47031	3853	8028	4827	2025520	47115	3782	7959	4924
C0254	TTGGC	IM18GECKA/07/107	IM18GECKA/07/107_a	GECKA08	500	C	49,14	-8,75	37	650	2	2018	November	18/11/2018	2211766	2144066	1989806	903802	831510	75,18969005	806635	52956	13002	26341	18052	808789	50350	15524	31658	27114	810003	50467	15406	31488	28351
C0270	CTAGG	IM18GECKA/07/101	IM18GECKA/07/101_a	GECKA09	500	C	49,28	-9	103	17360	2	2018	November	18/11/2018	627818	571711	521972	220992	198176	63,13167192	169145	25008	942	1925	1111	169396	24940	983	2044	1278	169576	24925	991	2080	1366
D0001	AAAAA	IM18GECKA/03/044	IM18GECKA/03/044_a	GECKA01	500	D	51	-6,09	84	9250	2	2018	March	28/03/2018	6088916	5947735	5586955	2590862	2229059	73,21694042	2149399	48099	3896	8035	4509	2154443	48022	3950	8252	4988	2156743	48108	3898	8209	5136
D0009	CAACT	IM18GECKA/03/008	IM18GECKA/03/008_a	GECKA01	500	D	51,37	-8,14	48	1406	1	2018	March	26/03/2018	8028154	7308785	6813619	2909234	2488823	62,00237315	2441274	46403	3860	7987	4488	2446385	46364	3872	8203	4883	2448512	46444	3804	8154	5011
D0012	CATGA	IM18GECKA/03/127	IM18GECKA/03/127_a	GECKA01	500	D	53,04	-4,47	26	283	1	2018	September	29/09/2018	8617220	8493024	8012376	3755620	3047926	70,74035478	2941939	48323	3940	8189	4599	2948719	48232	4000	8527	5104	2952357	48310	3965	8601	5333
D0013	CCAAC	IM18GECKA/03/014	IM18GECKA/03/014_a	GECKA01	500	D	51,51	-7,67	47	1530	1	2018	March	26/03/2018	7306162	7175531	6723410	3123132	2671877	73,1403711	2586474	48086	3969	8268	4610	2592470	48046	4018	8528	5056	2594882	48133	3957	8476	5194
D0014	CTAGG	IM18GECKA/03/194	IM18GECKA/03/194_a	GECKA01	500	D	54,04	-5,03	26,5	283	1	2018	September	03/09/2018	6571378	6315336	5868385	2648781	2302726	70,08350456	2197286	55602	4040	8367	4715	2202024	55483	4111	8702	5279	2203945	55542	4041	8639	5435
D0015	CTCTT	IM18GECKA/03/128	IM18GECKA/03/128_a	GECKA01	500	D	52,98	-5,36	18	87	1	2018	September	29/09/2018	2824890	2392730	2270290	906665	657881	46,57745965	620297	39937	2668	5469	3114	623542	39854	2723	5688	3439	625609	39894	2680	5641	3544
D0017	GCATT	IM18GECKA/03/009	IM18GECKA/03/009_a	GECKA01	500	D	51,37	-8,14	54	1990	2	2018	March	26/03/2018	5683280	5279531	4964896	2185334	1885371	66,34798919	1837156	46290	3838	7901	4421	1841512	46218	3875	8130	4861	1843328	46282	3818	8101	5009
D0018	GCCGG	IM18GECKA/03/113	IM18GECKA/03/113_a	GECKA01	450	D	53,81	-4,17	24	224	1	2018	September	27/09/2018	9366964	9113663	8457389	3855869	3282733	70,09171808	3168300	59125	4238	8800	4969	3175222	59053	4303	9159	5501	3178064	59135	4244	9196	5690
D0020	GCTAA	IM18GECKA/03/125	IM18GECKA/03/125_a	GECKA01	500	D	53,49	-5,08	43	1137	2	2018	September	28/09/2018	6221288	5935117	5601253	2541941	2038862	65,54469107	1983577	46520	3778	7822	4388	1989484	46467	3816	8059	4785	1992224	46551	3764	8070	4942
D0023	GGGGA	IM18GECKA/03/042	IM18GECKA/03/042_a	GECKA01	500	D	51	-6,09	20	121	1	2018	March	28/03/2018	7302500	7144529	6694192	3094765	2660611	72,86849709	2520138	59043	4178	8689	4906	2525761	58915	4253	9041	5464	2528616	58992	4180	8996	5630
D0025	TCAGA	IM18GECKA/03/022	IM18GECKA/03/022_a	GECKA01	600	D	51,94	-7,05	51	1702	1	2018	March	26/03/2018	4483788	4297666	4068089	1865584	1619686	72,24632387	1529370	46181	3825	7884	4451	1534123	46091	3861	8083	4873	1535849	46140	3794	8008	4975
D0037	ACGTA	IM18GECKA/03/046	IM18GECKA/03/046_a	GECKA02	500	D	51	-6,09	22	190	1	2018	March	28/03/2018	6980090	6850909	6487476	3038297	2534768	72,62851912	2458573	46795	3970	8240	4596	2464034	46728	4005	8537	5031	2466729	46824	3945	8480	5178
D0038	AGCTG	IM18GECKA/03/132	IM18GECKA/03/132_a	GECKA02	500	D	52,98	-5,36	52	1958	2	2018	September	29/09/2018	8949222	8571953	8086242	3681307	2999606	67,03612895	2952088	46503	3853	7971	4462	2958616	46457	3882	8236	4898	2961394	46558	3825	8220	4991
D0040	ATTAG	IM18GECKA/03/031	IM18GECKA/03/031_a	GECKA02	500	D	51,32	-6,29	69	2804	1	2018	March	27/03/2018	8136808	7918868	7490498	3476911	2893203	71,11395525	2745525	71459	4465	9260	5225	2751390	71316	4548	9626	5834	2754105	71418	4484	9690	6107
D0042	CACAG	IM18GECKA/03/103	IM18GECKA/03/103_a	GECKA02	500	D	53,74	-5,89	32	534	2	2018	September	21/09/2018	8952640	8699560	8212900	3801031	3106487	69,39823337	3011538	51484	4100	8612	4788	3018490	51438	4128	8868	5235	3021594	51523	4089	8990	5444
D0045	CCAAC	IM18GECKA/03/217	IM18GECKA/03/217_a	GECKA02	500	D	50,96	-5,07	24	190	2	2018	October	03/10/2018	6770034	6625825	6249309	2909401	2417691	71,42330452	2324373	53985	4311	8932	5054	2329341	53910	4371	9239	5539	2332159	53978	4298	9269	5793
D0050	GCCGG	IM18GECKA/03/211	IM18GECKA/03/211_a	GECKA02	500	D	50,89	-5,24	21	129	1	2018	October	03/10/2018	7651808	7327616	6957587	3188251	2607493	68,15364421	2547114	46764	4020	8340	4649	2553499	46710	4077	8609	5095	2556496	46813	3986	8490	5180
D0065	AAAAA	IM18GECKA/03/019	IM18GECKA/03/019_a	GECKA03	500	D	51,51	-7,67	60	2655	1	2018	March	26/03/2018	7565088	7364771	6915896	3210348	2669828	70,58286698	2508239	64318	4334	8979	5066	2513043	64182	4380	9204	5575	2515843	64244	4315	9159	5778
D0066	AACCC	IM18GECKA/03/039	IM18GECKA/03/039_a	GECKA03	500	D	51,13	-6,05	60	3118	2	2018	March	27/03/2018	9356748	9301266	8709961	4107672	3403546	72,75061806	3263157	65603	4364	9034	5093	3268748	65492	4383	9250	5559	3271813	65562	4335	9238	5816
D0067	AAGGG	IM18GECKA/03/023	IM18GECKA/03/023_a	GECKA03	500	D	51,94	-7,05	40	1705	2	2018	March	27/03/2018	5234400	5021368	4729011	2167505	1855881	70,91093535	1746069	52149	3960	8145	4570	1749406	52052	3982	8302	4952	1751663	52113	3914	8229	5085
D0068	AATTT	IM18GECKA/03/025	IM18GECKA/03/025_a	GECKA03	500	D	51,94	-7,05	27	362	1	2018	March	27/03/2018	5047152	4622939	4351845	1896420	1624183	64,36037591	1584421	45888	3759	7703	4345	1587283	45808	3778	7846	4703	1588702	45840	3740	7830	4888
D0071	ATGCT	IM18GECKA/03/049	IM18GECKA/03/049_a	GECKA03	500	D	50,91	-7,72	79	6100	2	2018	March	28/03/2018	4799364	4619391	4322648	1973858	1698283	70,77116885	1637343	47887	3831	7846	4411	1639793	47811	3866	8019	4818	1641139	47866	3796	7943	4944
D0072	ATTAG	IM18GECKA/01/024	IM18GECKA/01/024_a	GECKA03	500	D	55,31	-5,18	35	705	2	2018	November	25/11/2018	4467378	3989906	3732756	1598173	1377735	61,67980413	1183077	47687	3726	7632	4293	1189097	47601	3781	7858	4723	1193034	47629	3729	7810	4913
D0075	CAGTC	IM18GECKA/03/193	IM18GECKA/03/193_a	GECKA03	500	D	54,04	-5,03	57	3038	2	2018	September	03/09/2018	7690526	7557028	7075957	3298095	2762590	71,8439805	2638462	59037	4051	8384	4718	2642343	58934	4085	8612	5176	2644595	59011	4052	8653	5388
D0081	GCATT	IM18GECKA/03/015	IM18GECKA/03/015_a	GECKA03	500	D	51,51	-7,67	41	1124	2	2018	March	26/03/2018	6418674	5901148	5535470	2408164	2046002	63,75154744	1949720	51796	3924	8108	4563	1952903	51669	3958	8286	5035	1954652	51720	3902	8251	5206
D0108	CATGA	IM18GECKA/02/086	IM18GECKA/02/086_a	GECKA04	250	D	51,38	-8,93	72	N/A	0	2018	February	24/02/2018	5596880	5520644	5097365	2337294	2130222	76,12176784	2079337	47684	3973	8138	4562	2084771	47598	4027	8393	4999	2086420	47677	3950	8341	5096
D0118	GGCCT	IM18GECKA/03/035	IM18GECKA/03/035_a	GECKA04	250	D	51,3	-6,17	95	11980	2	2018	March	27/03/2018	8253498	7726936	7171613	3138835	2807061	68,02112268	2767981	46604	3939	8124	4569	2776161	46573	3982	8375	4982	2778312	46677	3906	8328	5080
D0121	TCAGA	IM18GECKA/02/039	IM18GECKA/02/039_a	GECKA04	250	D	51,31	-8,35	54	N/A	0	2018	February	27/02/2018	6899666	6767386	6265334	2864590	2589148	75,05140104	2529638	47536	4180	8748	4870	2536953	47482	4219	9017	5320	2539495	47607	4159	8980	5450
D0126	TTGGC	IM18GECKA/02/040	IM18GECKA/02/040_a	GECKA04	250	D	51,31	-8,35	49	N/A	0	2018	February	27/02/2018	6858080	6792453	6276109	2889092	2608918	76,08304365	2580616	46445	3985	8223	4591	2587606	46403	4002	8410	4965	2589612	46491	3922	8335	5119
D0139	CAGTC	IM18GECKA/03/104	IM18GECKA/03/104_a	GECKA05	600	D	54,17	-5,8	32	638	1	2018	September	21/09/2018	6864686	6708330	6308512	2916826	2487402	72,46950552	2344610	57149	4231	8813	4915	2352224	57064	4286	9129	5444	2354863	57149	4231	9107	5649
D0170	CACAG	IM18GECKA/02/087	IM18GECKA/02/087_a	GECKA06	250	D	50,51	-8,66	50	N/A	0	2018	February	24/02/2018	4021168	3915711	3655253	1682994	1533546	76,27365979	1497617	46461	3787	7781	4367	1501153	46381	3826	7975	4760	1502253	46424	3772	7905	4905
D0201	CAACT	IM18GECKA/03/101	IM18GECKA/03/101_a	GECKA07	500	D	53,88	-6,1	43	1272	2	2018	September	21/09/2018	7229598	6594623	6100447	2597036	2325525	64,33345257	2278281	46614	3964	8169	4576	2282051	46550	4027	8447	5059	2283811	46636	3950	8356	5168
D0210	GCCGG	IM18GECKA/02/085	IM18GECKA/02/085_a	GECKA07	500	D	51,38	-8,93	25	N/A	0	2018	February	24/02/2018	5952282	5785412	5302727	2382175	2195355	73,76515427	2163021	61079	16074	32702	22079	2167857	57765	19270	39598	33696	2170013	57954	19031	39254	34897
D0223	TTTTA	IM18GECKA/03/204	IM18GECKA/03/204_a	GECKA07	500	D	51,06	-5,38	15	55	2	2018	October	03/10/2018	7450360	7284370	6780775	3109155	2777821	74,56877252	2728290	46811	3950	8198	4546	2733036	46764	3991	8445	4960	2735001	46865	3915	8361	5091
D0224	CTGAA	IM18GECKA/03/202	IM18GECKA/03/202_a	GECKA07	500	D	51,06	-5,38	18	110	1	2018	October	03/10/2018	7427414	7149745	6639241	2990116	2679963	72,16409372	2600824	49248	4030	8412	4652	2605079	49206	4078	8734	5135	2607137	49304	4006	8704	5278
D0236	CATGA	IM18GECKA/03/137	IM18GECKA/03/137_a	GECKA08	500	D	51,06	-5,38	27	296	1	2018	October	03/10/2018	6036876	5882167	5513663	2536342	2254894	74,70400253	2165892	53763	4300	8882	5011	2170344	53679	4375	9193	5546	2172186	53731	4329	9175	5725
D0244	GCTAA	IM18GECKA/03/115	IM18GECKA/03/115_a	GECKA08	500	D	54,04	-5,03	33	580	1	2018	September	28/09/2018	6830066	6453839	6037926	2688153	2347521	68,74079987	2315064	46392	3926	8116	4539	2319397	46353	3955	8334	4970	2321446	46430	3894	8319	5086
D0250	TCTCT	IM18GECKA/03/018	IM18GECKA/03/018_a	GECKA08	500	D	51,51	-7,67	40	801	1	2018	March	26/03/2018	5609536	5455888	5137263	2370201	2112018	75,30098746	2015546	50010	3960	8172	4595	2019279	49921	4026	8471	5055	2021306	50009	3956	8432	5223
D0256	CTGAA	IM18GECKA/03/136	IM18GECKA/03/136_a	GECKA08	500	D	51,23	-5,2	23	186	1	2018	October	03/10/2018	5152412	4921761	4585017	2056151	1843808	71,57067408	1814331	45839	3696	7599	4241	1817310	45778	3725	7780	4596	1818416	45821	3667	7738	4762
D0262	AGCTG	IM18GECKA/03/135	IM18GECKA/03/135_a	GECKA09	500	D	51,23	-5,2	16	56	2	2018	October	03/10/2018	7652212	7427225	6872812	3125113	2691651	70,34961917	2581320	55238	4147	8577	4889	2585439	55122	4256	8984	5542	2588400	55160	4245	9119	5988
D0263	ATGCT	IM18GECKA/03/138	IM18GECKA/03/138_a	GECKA09	500	D	51,06	-5,38	26	282	2	2018	October	03/10/2018	2024294	1872319	1742529	759421	673056	66,49785061	639472	45192	7150	14496	9654	641118	43971	8309	16995	13914	641956	44077	8220	16869	14492
D0272	CTTCC	IM18GECKA/03/140	IM18GECKA/03/140_a	GECKA09	500	D	51,06	-5,38	17	126	2	2018	October	03/10/2018	1801618	1635728	1512892	642178	568958	63,16078103	530322	38436	2458	5051	2836	531115	38358	2475	5155	3095	531743	38397	2443	5123	3202
D0278	GGCCT	IM18GECKA/03/203	IM18GECKA/03/203_a	GECKA09	500	D	51,06	-5,38	16	79	1	2018	October	03/10/2018	8328856	7656343	7138651	3088778	2630367	63,16274408	2578665	46921	3912	8131	4540	2582496	46860	3924	8275	4900	2584979	46959	3859	8235	5063
E0008	ATTAG	IM18GECKA/07/098	IM18GECKA/07/098_a	GECKA01	500	E	52,83	-14,05	56	1360	1	2018	November	16/11/2018	1725678	1667881	1562729	718395	636925	73,81736338	602057	39919	9126	18499	12726	603866	38087	10875	22173	18990	604866	38161	10813	22111	19858
E0105	CAACT	IM18GECKA/02/061	IM18GECKA/02/061_a	GECKA04	250	E	52,09	-14,41	107	N/A	0	2018	March	05/03/2018	5573768	5033881	4623913	1928884	1766322	63,37981775	1729176	46311	3844	7959	4450	1734075	46239	3883	8164	4852	1735431	46300	3812	8097	4997
E0122	TCTCT	IM18GECKA/02/032	IM18GECKA/02/032_a	GECKA04	250	E	53,96	-11,46	59	N/A	0	2018	February	21/02/2018	6139276	5994839	5546509	2524630	2305157	75,09540213	2250984	56745	4726	9849	5562	2258657	54658	4735	10121	6208	2261254	54934	4674	10072	6398
E0124	TGCAA	IM18GECKA/07/051	IM18GECKA/07/051_a	GECKA04	250	E	49,1	-10,35	101,5	16650	2	2018	September	27/09/2018	6773314	6554803	6045968	2719183	2462836	72,721743	2433316	46507	3918	8110	4527	2440162	46464	3947	8323	4929	2442351	46550	3872	8242	5076
E0128	CTGAA	IM18GECKA/07/025	IM18GECKA/07/025_a	GECKA04	250	E	53,25	-14,43	72	6300	2	2018	May	22/05/2018	9875020	9548912	8905142	4043548	3555644	72,01289719	3465493	50983	4116	8558	4788	3475786	50966	4129	8778	5205	3478916	51061	4069	8764	5325
E0131	AAGGG	IM18GECKA/07/077	IM18GECKA/07/077_a	GECKA05	500	E	49,5	-9,92	105	14850	2	2018	September	29/09/2018	4502096	4363588	4051257	1835651	1628707	72,35327723	1590524	46787	3728	7643	4318	1594803	46729	3749	7811	4684	1596069	46792	3677	7716	4780
E0132	AATTT	IM18GECKA/07/006	IM18GECKA/07/006_a	GECKA05	500	E	52,52	-13,65	101	16700	2	2018	May	19/05/2018	5150462	4652710	4301187	1807500	1603367	62,26109425	1539411	46579	3850	7890	4476	1544161	46520	3866	8064	4830	1545637	46589	3785	7996	4955
E0134	AGCTG	IM18GECKA/07/090	IM18GECKA/07/090_a	GECKA05	500	E	52,97	-14,33	81	7940	2	2018	November	16/11/2018	6062326	5786152	5341612	2366166	2086349	68,82998374	2055851	46386	3938	8090	4540	2061795	46316	4010	8420	5002	2063640	46387	3931	8336	5119
E0136	ATTAG	IM18GECKA/07/097	IM18GECKA/07/097_a	GECKA05	500	E	52,83	-14,05	70	3140	2	2018	November	16/11/2018	2833946	2746603	2539115	1147095	1022861	72,18634371	1002883	42226	3143	6462	3637	1005886	42153	3176	6647	3967	1006992	42194	3138	6650	4104
E0150	GGCCT	IM18GECKA/07/069	IM18GECKA/07/069_a	GECKA05	500	E	49,85	-9,23	53	1950	1	2018	September	28/09/2018	5298738	4846056	4472287	1896822	1680246	63,42061072	1632426	47498	3838	7901	4447	1637104	47424	3870	8114	4836	1638676	47469	3817	8089	5017
E0151	GGGGA	IM18GECKA/07/095	IM18GECKA/07/095_a	GECKA05	500	E	52,83	-14,05	64	2920	2	2018	November	16/11/2018	3505260	3428922	3167023	1439829	1297567	74,03542105	1261438	60282	15675	31777	21537	1265795	57054	18769	38369	32740	1267274	57224	18542	38030	33954
E0157	TGGTT	IM18GECKA/07/087	IM18GECKA/07/087_a	GECKA05	500	E	52,97	-14,33	80	6620	2	2018	November	16/11/2018	4654524	4385049	4054634	1778812	1577485	67,78287103	1555478	46289	3818	7818	4378	1560070	46210	3874	8035	4816	1561499	46275	3819	8012	4962
E0158	TTGGC	IM18GECKA/02/065	IM18GECKA/02/065_a	GECKA05	500	E	53,53	-13,85	103	N/A	0	2018	March	07/03/2018	4340484	4293469	3959506	1814894	1613284	74,33659472	1597089	46105	3884	7949	4476	1601569	46045	3909	8112	4861	1602764	46118	3833	8019	4944
E0165	ACGTA	IM18GECKA/02/055	IM18GECKA/02/055_a	GECKA06	250	E	51,64	-11,95	84	N/A	0	2018	March	04/03/2018	3523498	3492318	3256754	1522817	1390693	78,93820289	1373346	45890	3669	7584	4240	1376927	45812	3681	7712	4550	1377984	45897	3590	7562	4584
E0169	CAACT	IM18GECKA/02/078	IM18GECKA/02/078_a	GECKA06	250	E	53,18	-13,01	99	N/A	0	2018	March	08/03/2018	4126710	3662398	3403655	1407590	1287934	62,41940917	1270229	45846	3720	7598	4263	1273256	45783	3726	7682	4580	1274146	45836	3664	7606	4680
E0182	GGCCT	IM18GECKA/02/017	IM18GECKA/02/017_a	GECKA06	250	E	54,44	-11,2	66	N/A	0	2018	February	21/02/2018	6181614	5714403	5341444	2329654	2104324	68,08331934	2004123	49466	3985	8278	4629	2009696	49361	4062	8593	5149	2011654	49446	4011	8543	5365
E0184	GGTTC	IM18GECKA/02/001	IM18GECKA/02/001_a	GECKA06	250	E	54,11	-10,86	57	N/A	0	2018	February	21/02/2018	5148930	5016263	4696034	2164774	1958769	76,08450688	1884809	49571	3903	8067	4508	1889541	49483	3937	8251	4917	1890709	49535	3875	8209	5070
E0187	TGACC	IM18GECKA/07/081	IM18GECKA/07/081_a	GECKA06	250	E	53,61	-14,05	71	3100	1	2018	November	15/11/2018	5217798	5070464	4737011	2175831	1967185	75,40288068	1931006	46354	3735	7692	4291	1935821	46262	3796	7922	4736	1937278	46334	3716	7801	4816
E0193	AAAAA	IM18GECKA/07/026	IM18GECKA/07/026_a	GECKA07	500	E	53,25	-14,43	60	4150	1	2018	May	22/05/2018	6663478	6568726	6047795	2765314	2492220	74,80237798	2468436	46527	3860	7950	4463	2472546	46481	3899	8214	4873	2474213	46564	3829	8184	4989
E0199	ATGCT	IM18GECKA/02/015	IM18GECKA/02/015_a	GECKA07	500	E	54,44	-11,2	53	N/A	0	2018	February	21/02/2018	4261424	4136739	3797817	1705845	1565990	73,49608957	1530758	46101	3683	7594	4248	1533592	46025	3728	7815	4656	1534529	46077	3669	7757	4798
E0202	CACAG	IM18GECKA/02/048	IM18GECKA/02/048_a	GECKA07	500	E	50,56	-10,73	62	N/A	0	2018	March	02/03/2018	4487110	4363420	4005837	1804673	1655185	73,77510246	1585830	56946	4454	9187	5294	1588734	56754	4568	9660	6065	1589879	56773	4525	9697	6327
E0203	CAGTC	IM18GECKA/02/005	IM18GECKA/02/005_a	GECKA07	500	E	54,11	-10,86	44	N/A	0	2018	February	21/02/2018	5769782	5679737	5231624	2388356	2166522	75,09892055	2138658	46363	3809	7867	4371	2142156	46301	3860	8177	4854	2143652	46380	3801	8160	4972
E0204	CATGA	IM18GECKA/07/092	IM18GECKA/07/092_a	GECKA07	500	E	52,97	-14,33	67	3560	2	2018	November	16/11/2018	625282	587027	535175	232524	217252	69,48928643	190994	24433	1071	2185	1266	191320	24371	1101	2292	1442	191531	24374	1102	2322	1536
E0208	CTTCC	IM18GECKA/07/054	IM18GECKA/07/054_a	GECKA07	500	E	49,28	-10,2	83	10800	2	2018	September	27/09/2018	6799922	6546224	6030574	2698293	2438584	71,72388154	2374105	46652	3946	8201	4578	2378090	46602	4002	8482	5062	2380046	46673	3957	8431	5199
E0214	GGCCT	IM18GECKA/02/027	IM18GECKA/02/027_a	GECKA07	500	E	53,96	-11,46	40	N/A	0	2018	February	21/02/2018	6381046	6029238	5543254	2430529	2208156	69,20984428	2158224	47127	4824	9929	5512	2163185	47028	4843	10173	5915	2164979	47117	4737	10055	5983
E0217	TCAGA	IM18GECKA/07/015	IM18GECKA/07/015_a	GECKA07	500	E	53	-14,32	72	5950	2	2018	May	20/05/2018	4818508	4735172	4357791	1985792	1811249	75,17883129	1785570	46136	3858	7902	4431	1788142	46073	3883	8074	4822	1789187	46140	3801	7977	4887
E0218	TCTCT	IM18GECKA/02/073	IM18GECKA/02/073_a	GECKA07	500	E	53,85	-12,59	63	N/A	0	2018	March	07/03/2018	5392838	5269503	4855245	2202675	2004022	74,32160951	1959227	46387	3845	7924	4447	1962391	46312	3886	8149	4858	1963696	46374	3819	8090	4981
E0225	AAAAA	IM18GECKA/07/032	IM18GECKA/07/032_a	GECKA08	500	E	53,15	-14,48	81	7900	2	2018	May	22/05/2018	6243730	6122459	5683431	2608851	2324308	74,45254679	2301694	46405	3932	8101	4516	2305921	46325	3989	8364	5010	2307340	46425	3906	8298	5092
E0226	AACCC	IM18GECKA/07/083	IM18GECKA/07/083_a	GECKA08	500	E	53,61	-14,05	53	740	1	2018	November	15/11/2018	7337470	7298715	6771727	3143140	2792363	76,11242022	2723024	48834	4000	8331	4631	2727428	48800	4035	8633	5074	2728968	48903	3971	8589	5215
E0228	AATTT	IM18GECKA/07/046	IM18GECKA/07/046_a	GECKA08	500	E	48,62	-10,4	75	4600	1	2018	September	26/09/2018	3455514	3163777	2934067	1256546	1142068	66,10119363	1127676	44933	3553	7260	4087	1129783	44871	3580	7429	4450	1130476	44935	3501	7315	4534
E0230	AGCTG	IM18GECKA/07/024	IM18GECKA/07/024_a	GECKA08	500	E	53,07	-14,48	55	2350	1	2018	May	21/05/2018	6029962	5737161	5327434	2371436	2126261	70,52319733	2081542	47092	3916	8055	4492	2085092	47079	3943	8268	4880	2086539	47176	3853	8187	5009
E0233	CAACT	IM18GECKA/07/074	IM18GECKA/07/074_a	GECKA08	500	E	49,65	-9,73	115	21300	2	2018	September	29/09/2018	6037614	5364835	4955860	2041185	1840255	60,95967712	1802109	46657	3830	7838	4376	1805073	46601	3849	8048	4802	1805973	46654	3796	7992	4989
E0234	CACAG	IM18GECKA/07/088	IM18GECKA/07/088_a	GECKA08	500	E	52,97	-14,33	62	2520	1	2018	November	16/11/2018	4587262	4430713	4114765	1862595	1680572	73,27124546	1651473	45996	3899	7993	4466	1653866	45955	3919	8163	4827	1654892	46031	3841	8037	4877
E0239	CTCTT	IM18GECKA/07/094	IM18GECKA/07/094_a	GECKA08	500	E	52,83	-14,05	51	1140	1	2018	November	16/11/2018	3150852	2617781	2414192	908804	830003	52,68435331	813299	42037	3086	6287	3532	814781	41957	3121	6470	3866	815281	41997	3070	6405	3957
E0242	GCCGG	IM18GECKA/07/080	IM18GECKA/07/080_a	GECKA08	500	E	49,63	-9,73	93,5	10400	2	2018	September	30/09/2018	5837072	5623281	5228588	2360381	2112271	72,37433426	2090613	46302	3877	7955	4458	2094251	46268	3879	8079	4794	2095786	46345	3806	8009	4880
E0243	GCGCC	IM18GECKA/07/060	IM18GECKA/07/060_a	GECKA08	500	E	49,53	-9,85	66,5	4400	1	2018	September	27/09/2018	5215358	5079779	4718085	2149846	1933563	74,14881203	1906818	46243	3940	8081	4515	1910356	46169	3977	8325	4943	1911610	46248	3903	8261	5077
E0246	GGCCT	IM18GECKA/07/016	IM18GECKA/07/016_a	GECKA08	500	E	52,87	-14,12	60	2950	1	2018	May	20/05/2018	7194760	6684948	6204749	2695249	2404609	66,84334154	2368524	46579	3771	7798	4370	2372630	46522	3823	8028	4792	2374425	46595	3776	7989	4947
E0248	GGTTC	IM18GECKA/07/034	IM18GECKA/07/034_a	GECKA08	500	E	53,15	-14,47	97	14500	2	2018	May	23/05/2018	5653070	5486347	5100468	2317401	2080058	73,5903854	2051679	46388	3955	8144	4552	2054870	46308	4004	8390	4983	2056359	46394	3933	8319	5089
E0255	TTTTA	IM18GECKA/07/035	IM18GECKA/07/035_a	GECKA08	500	E	53,15	-14,47	55	2300	1	2018	May	23/05/2018	8166960	8020157	7508218	3474448	3051738	74,7337565	2983471	48148	4007	8323	4637	2988595	48134	4063	8616	5094	2990737	48240	3973	8551	5210
E0260	AATTT	IM18GECKA/07/063	IM18GECKA/07/063_a	GECKA09	500	E	49,67	-9,63	68,5	6050	1	2018	September	27/09/2018	5565498	5101619	4699731	2008895	1754498	63,04909282	1695204	48573	3960	8154	4583	1697724	48501	4001	8363	5007	1698702	48574	3920	8251	5115
E0261	ACGTA	IM18GECKA/07/002	IM18GECKA/07/002_a	GECKA09	500	E	52,4	-13,85	58	3150	1	2018	May	19/05/2018	6166480	6100601	5610491	2584358	2244219	72,78768438	2218698	46704	3860	7951	4493	2221657	46632	3920	8182	4914	2222944	46711	3836	8077	5002
E0265	CAACT	IM18GECKA/07/049	IM18GECKA/07/049_a	GECKA09	500	E	48,82	-10,32	59,5	3400	1	2018	September	26/09/2018	6152756	5276163	4815341	1877902	1645764	53,49680696	1614045	46386	3768	7706	4306	1615991	46296	3799	7894	4723	1617040	46368	3712	7821	4798
F10029	TGGTT	IM18GECKA/08/009	IM18GECKA/08/009_a	GECKA01	600	F1	45,1	-2,43	55	N/A	1	2018	May	18/05/2018	5707818	5255088	4986958	2198320	1840863	64,50321296	1653919	56509	4013	8317	4717	1660313	56390	4067	8601	5253	1664353	56427	4034	8644	5510
F10030	TTGGC	IM18GECKA/08/018	IM18GECKA/08/018_a	GECKA01	600	F1	45,05	-2,18	102	N/A	2	2018	August	28/08/2018	3951502	3902917	3732086	1773487	1472240	74,51546273	1366114	49970	3855	7904	4467	1370435	49873	3907	8103	4880	1372761	49928	3850	8063	5025
F10031	TTTTA	IM18GECKA/08/030	IM18GECKA/08/030_a	GECKA01	600	F1	46,33	-3,53	81	N/A	2	2018	October	26/10/2018	8193186	8062509	7651258	3598269	2947999	71,96221348	2779428	68144	4336	8990	5056	2786028	68022	4410	9334	5665	2790197	68109	4370	9389	5931
F10032	CTGAA	IM18GECKA/08/036	IM18GECKA/08/036_a	GECKA01	600	F1	46,47	-2,38	49	N/A	2	2018	November	16/11/2018	4808786	4641102	4427619	2052747	1715301	71,34029254	1563226	63686	4151	8576	4888	1567895	63547	4188	8809	5370	1570347	63592	4157	8834	5642
F10053	GGAAG	IM18GECKA/08/008	IM18GECKA/08/008_a	GECKA02	500	F1	45,33	-2,57	71	N/A	2	2018	May	18/05/2018	7460318	7128206	6775324	3101749	2539366	68,0766155	2439489	48872	3938	8123	4542	2445683	48827	3972	8345	4997	2448920	48896	3910	8334	5138
F10054	GGCCT	IM18GECKA/08/015	IM18GECKA/08/015_a	GECKA02	500	F1	45,27	-3,27	48	N/A	1	2018	June	14/06/2018	12018948	11195599	10598851	4698573	3911881	65,0952313	3719999	79563	18213	37446	25471	3730284	75999	21710	45377	38186	3736227	76188	21526	45316	39849
F10055	GGGGA	IM18GECKA/08/021	IM18GECKA/08/021_a	GECKA02	500	F1	45,25	-2,08	59	N/A	1	2018	August	30/08/2018	9314496	9148514	8698692	4087954	3281476	70,45955036	3098749	82266	4685	9781	5551	3106689	82093	4750	10111	6216	3110564	82151	4724	10220	6572
F10056	GGTTC	IM18GECKA/08/020	IM18GECKA/08/020_a	GECKA02	500	F1	45,25	-2,08	53	N/A	1	2018	August	30/08/2018	9144412	8993391	8514242	3988342	3266449	71,44142237	3119970	72981	4581	9533	5396	3126553	72900	4620	9807	5947	3129867	72985	4582	9883	6194
F10057	TCAGA	IM18GECKA/08/034	IM18GECKA/08/034_a	GECKA02	500	F1	45,55	-3,2	65	N/A	2	2018	November	14/11/2018	8313930	7867270	7466691	3384860	2815866	67,73850634	2545962	68595	4460	9275	5247	2554934	68443	4525	9632	5837	2559036	68509	4463	9660	6116
F10058	TCTCT	IM18GECKA/08/002	IM18GECKA/08/002_a	GECKA02	500	F1	45,62	-2,27	42	N/A	2	2018	April	25/04/2018	10057336	9838547	9311134	4340416	3541075	70,41775277	3392360	70829	4531	9358	5280	3399393	70703	4599	9720	5884	3402353	70798	4553	9784	6132
F10059	TGACC	IM18GECKA/08/024	IM18GECKA/08/024_a	GECKA02	500	F1	45,4	-2,73	39	N/A	1	2018	October	23/10/2018	8233938	8045166	7658701	3585004	3011391	73,14582646	2803910	83809	18693	38217	26129	2812353	80165	22277	46148	39162	2817657	80392	22081	45982	40746
F10060	TGCAA	IM18GECKA/08/005	IM18GECKA/08/005_a	GECKA02	500	F1	45,3	-2	64	N/A	2	2018	April	28/04/2018	10245962	9927036	9347721	4299677	3513088	68,57507377	3402425	57398	4295	8917	4994	3409837	57340	4353	9289	5527	3413150	57456	4287	9224	5665
F10062	TTGGC	IM18GECKA/08/013	IM18GECKA/08/013_a	GECKA02	600	F1	45,03	-2,28	71	N/A	2	2018	June	10/06/2018	8005372	7899095	7580426	3609562	2811211	70,23311346	2616970	72217	4347	9068	5135	2624371	72077	4422	9458	5757	2628740	72125	4418	9605	6160
F10063	TTTTA	IM18GECKA/08/100	IM18GECKA/08/100_a	GECKA02	600	F1	44,8	-1,73	54	N/A	1	2018	June	05/06/2018	4054580	3942447	3795163	1787745	1500274	74,00391656	1317115	70294	16465	33446	22833	1322041	66952	19621	40138	34323	1325399	67115	19449	39932	35797
F10064	CTGAA	IM18GECKA/08/103	IM18GECKA/08/103_a	GECKA02	600	F1	45,28	-2,47	54	N/A	2	2018	September	25/09/2018	5788098	5546764	5326157	2464902	1996633	68,99098806	1844854	65176	4280	8872	5017	1850452	65029	4323	9120	5529	1853576	65070	4297	9169	5842
F10078	CTAGG	IM18GECKA/08/040	IM18GECKA/08/040_a	GECKA03	500	F1	45,2	-1,65	80	N/A	1	2018	December	20/12/2018	5541828	5287649	4976250	2262302	1915479	69,12805666	1812842	53293	3844	7897	4427	1816233	53194	3908	8132	4889	1817642	53258	3829	8027	5008
F10082	GCCGG	IM18GECKA/08/027	IM18GECKA/08/027_a	GECKA03	500	F1	45,93	-3,37	70	N/A	1	2018	October	25/10/2018	9475836	9213150	8689243	4030104	3246644	68,52469798	3121508	57303	4124	8553	4877	3127448	57212	4182	8859	5340	3130765	57295	4110	8816	5516
F10084	GCTAA	IM18GECKA/08/006	IM18GECKA/08/006_a	GECKA03	500	F1	45,3	-2,68	74	N/A	2	2018	May	18/05/2018	8942686	8552782	8054600	3666501	2997919	67,04739493	2871994	59929	4135	8558	4809	2877381	59831	4209	8883	5342	2880004	59887	4149	8834	5534
F10085	GGAAG	IM18GECKA/08/102	IM18GECKA/08/102_a	GECKA03	500	F1	45,28	-2,47	34	520	1	2018	September	25/09/2018	9649524	9463466	8888467	4146568	3410423	70,68582865	3279740	67173	4498	9321	5271	3285224	67052	4551	9627	5823	3287875	67143	4479	9550	6000
F10086	GGCCT	IM18GECKA/08/011	IM18GECKA/08/011_a	GECKA03	500	F1	44,42	-1,87	75	N/A	2	2018	May	19/05/2018	9527794	8880329	8383302	3718796	3041129	63,83700151	2930965	50456	4911	10141	5672	2937553	50378	4879	10247	6033	2940695	50483	4780	10090	6034
F10087	GGGGA	IM18GECKA/08/019	IM18GECKA/08/019_a	GECKA03	500	F1	45,05	-2,18	60	N/A	2	2018	August	28/08/2018	6197064	6094745	5715557	2669786	2271916	73,32233458	2169999	54638	3994	8217	4635	2173361	54524	4030	8461	5074	2175297	54581	3961	8380	5199
F10088	GGTTC	IM18GECKA/08/033	IM18GECKA/08/033_a	GECKA03	500	F1	45,45	-2,78	63	N/A	2	2018	November	12/11/2018	6083502	5946318	5634735	2635145	2214884	72,81608521	2053025	83004	4686	9668	5519	2057066	82819	4731	9931	6095	2059608	82870	4706	10000	6382
F10089	TCAGA	IM18GECKA/08/004	IM18GECKA/08/004_a	GECKA03	500	F1	45,3	-2	54	N/A	2	2018	April	28/04/2018	6740358	6616489	6244211	2927699	2441506	72,44440132	2300519	60896	4125	8524	4822	2304925	60769	4175	8759	5331	2307031	60805	4129	8742	5510
F10090	TCTCT	IM18GECKA/08/016	IM18GECKA/08/016_a	GECKA03	500	F1	45,07	-2,32	94	N/A	2	2018	June	16/06/2018	5886492	5725989	5401121	2506427	2105335	71,53105789	1995875	56991	4048	8365	4730	1998881	56901	4060	8506	5148	2000829	56966	3994	8434	5276
F10091	TGACC	IM18GECKA/08/026	IM18GECKA/08/026_a	GECKA03	500	F1	45,97	-3,4	56	N/A	1	2018	October	25/10/2018	8370728	8172752	7712932	3594112	2958684	70,69119914	2796668	76048	4471	9221	5232	2801870	75883	4552	9569	5861	2804792	75928	4519	9650	6191
F10092	TGCAA	IM18GECKA/08/023	IM18GECKA/08/023_a	GECKA03	500	F1	45,4	-2,73	40	N/A	2	2018	October	23/10/2018	4505532	4204047	4002129	1788629	1512860	67,15566552	1381817	63319	15938	32397	22008	1386061	60099	18964	38850	33008	1388757	60298	18738	38539	34222
F10093	TGGTT	IM18GECKA/08/014	IM18GECKA/08/014_a	GECKA03	600	F1	45,27	-3,27	90	N/A	2	2018	June	14/06/2018	3449874	3238847	3100193	1402656	1162547	67,39649042	1094386	46179	3668	7503	4228	1097297	46100	3696	7642	4573	1099156	46130	3648	7603	4759
F10094	TTGGC	IM18GECKA/08/001	IM18GECKA/08/001_a	GECKA03	600	F1	45,68	-2,55	50	N/A	2	2018	April	25/04/2018	3097412	3028757	2908068	1376180	1165943	75,28497985	1083950	59254	15251	30871	20983	1087851	56136	18214	37098	31640	1090271	56271	18042	36861	32970
F10095	TTTTA	IM18GECKA/08/039	IM18GECKA/08/039_a	GECKA03	600	F1	46,47	-2,4	39	N/A	1	2018	November	16/11/2018	5483018	5378139	5136270	2427631	1952992	71,23784748	1820788	54761	3985	8200	4661	1824986	54651	4005	8350	5051	1827725	54693	3951	8331	5235
F10096	CTGAA	IM18GECKA/08/037	IM18GECKA/08/037_a	GECKA03	600	F1	46,32	-2,15	43	N/A	1	2018	November	16/11/2018	7279088	7021337	6676996	3090970	2493302	68,50588975	2354239	61610	4201	8646	4893	2359085	61475	4244	8868	5371	2362213	61528	4211	8901	5639
F10140	CATGA	IM18GECKA/08/010	IM18GECKA/08/010_a	GECKA05	600	F1	44,87	-1,98	71	N/A	2	2018	May	19/05/2018	6956350	6817964	6414151	2975191	2610973	75,06732697	2510224	63905	16487	33579	22767	2519323	60526	19752	40622	34629	2523117	60704	19552	40423	36068
F10142	CTAGG	IM18GECKA/08/104	IM18GECKA/08/104_a	GECKA05	600	F1	45,43	-2,8	32	820	2	2018	September	25/09/2018	4991586	4753974	4499158	2039248	1777992	71,23956193	1635021	67312	4312	8861	5022	1640656	67190	4370	9134	5534	1642555	67260	4288	9068	5722
F10143	CTCTT	IM18GECKA/08/017	IM18GECKA/08/017_a	GECKA05	600	F1	45,07	-2,32	47	N/A	2	2018	June	16/06/2018	7439306	6943141	6499672	2854202	2469404	66,3880206	2370478	54442	4169	8611	4838	2377763	54377	4187	8814	5274	2379984	54455	4142	8826	5477
F10144	CTTCC	IM18GECKA/08/003	IM18GECKA/08/003_a	GECKA05	600	F1	45,45	-2,2	55	N/A	2	2018	April	28/04/2018	4299656	4140770	3939650	1817683	1565639	72,8262447	1414431	62028	4065	8378	4740	1419549	61915	4108	8602	5178	1421883	61972	4058	8617	5372
F10267	CAGTC	IM18GECKA/08/101	IM18GECKA/08/101_a	GECKA09	500	F1	44,97	-1,78	88	10050	2	2018	September	11/09/2018	7244086	7120298	6685421	3119004	2631775	72,65996014	2481823	67576	4320	8933	5079	2485725	67471	4381	9224	5608	2488281	67542	4323	9237	5878
F10268	CATGA	IM18GECKA/08/028	IM18GECKA/08/028_a	GECKA09	500	F1	45,93	-3,37	80	N/A	2	2018	October	25/10/2018	7926652	7795457	7220749	3328939	2853664	72,00174803	2771965	51507	4046	8386	4680	2776011	51449	4085	8652	5141	2777668	51540	4009	8581	5257
F10274	GCCGG	IM18GECKA/08/032	IM18GECKA/08/032_a	GECKA09	500	F1	45,45	-2,78	43	N/A	1	2018	November	12/11/2018	7261644	6963869	6485356	2931038	2500332	68,86407541	2465504	46429	4765	9764	5420	2469906	46401	4757	9921	5781	2471600	46490	4676	9874	5882
F10276	GCTAA	IM18GECKA/08/038	IM18GECKA/08/038_a	GECKA09	500	F1	46,47	-2,4	45	N/A	2	2018	November	16/11/2018	8725126	8297947	7706312	3445054	2936542	67,31231159	2856207	51273	4005	8300	4638	2860743	51225	4044	8542	5092	2862179	51310	3950	8403	5195
F10279	GGGGA	IM18GECKA/08/022	IM18GECKA/08/022_a	GECKA09	500	F1	45,4	-2,73	62	N/A	1	2018	October	23/10/2018	6731186	6594774	6126139	2819646	2439970	72,49747667	2347042	52426	4028	8327	4695	2350184	52362	4035	8508	5061	2351630	52455	3933	8329	5134
F10281	TCAGA	IM18GECKA/08/025	IM18GECKA/08/025_a	GECKA09	500	F1	45,45	-2,7	48	N/A	1	2018	October	24/10/2018	6168896	6021540	5594937	2568002	2227006	72,20111994	2092104	67041	4369	9047	5097	2095153	66869	4427	9336	5657	2096875	66930	4385	9360	5887
F10282	TCTCT	IM18GECKA/08/031	IM18GECKA/08/031_a	GECKA09	500	F1	46,33	-3,53	58	N/A	1	2018	October	26/10/2018	6542774	6379750	5932411	2722057	2377892	72,68757869	2293275	63305	16363	33462	22523	2297786	60038	19489	40277	33968	2300326	60187	19270	39996	35342
F10283	TGACC	IM18GECKA/08/029	IM18GECKA/08/029_a	GECKA09	500	F1	46,33	-3,53	68	N/A	1	2018	October	26/10/2018	5714880	5529036	5134373	2334750	2035400	71,23159191	1921157	54688	4095	8449	4753	1924203	54612	4133	8654	5198	1925678	54653	4082	8635	5370
F10284	TGCAA	IM18GECKA/08/012	IM18GECKA/08/012_a	GECKA09	500	F1	45,03	-2,28	56	N/A	1	2018	June	09/06/2018	6784838	6515889	6069557	2747857	2361394	69,60797001	2277151	50784	3905	8023	4513	2281215	50712	3950	8265	4934	2282561	50778	3885	8185	5038
F10286	TTGGC	IM18GECKA/08/007	IM18GECKA/08/007_a	GECKA09	600	F1	45,33	-2,57	53	N/A	1	2018	May	18/05/2018	1640910	1541112	1460474	657088	580594	70,76488046	511293	50289	11546	23354	16077	514302	48192	13675	27847	23605	516348	48297	13624	27799	24709
F10287	TTTTA	IM18GECKA/08/035	IM18GECKA/08/035_a	GECKA09	600	F1	45,62	-2,53	59	N/A	1	2018	November	15/11/2018	1164462	1093665	1041159	472674	411063	70,60135925	363860	40475	2163	4409	2490	365404	40387	2224	4578	2791	366596	40385	2225	4614	2957
F10288	CTGAA	IM18GECKA/08/041	IM18GECKA/08/041_b	GECKA09	600	F1	44,78	-1,73	42	N/A	2	2018	December	20/12/2018	4820972	4539991	4320471	1950521	1655375	68,67391057	1572808	55856	11001	22411	14793	1577101	53911	12836	26371	21618	1579807	54030	12694	26170	22442
F20024	GGTTC	IM18GECKA/06/005	IM18GECKA/06/005_a	GECKA01	600	F2	43,55	-9,07	82	7505	2	2018	September	30/09/2018	5564694	5429142	5022485	2284231	1996173	71,74421451	1952382	46659	3789	7816	4371	1956344	46627	3819	8010	4749	1957729	46694	3757	7944	4897
F20097	AAAAA	IM18GECKA/06/013	IM18GECKA/06/013_a	GECKA04	250	F2	43,76	-5,4	62	3130	1	2018	October	12/10/2018	5829806	5726612	5281008	2412131	2193088	75,23708336	2114411	49862	4114	8483	4778	2120567	49763	4182	8784	5303	2122557	49807	4125	8808	5503
F20106	CACAG	IM18GECKA/06/006	IM18GECKA/06/006_a	GECKA04	250	F2	43,55	-9,07	77	7390	2	2018	September	30/09/2018	4224386	4128194	3808465	1731438	1591102	75,32938515	1568788	46039	3854	7915	4470	1572864	45979	3850	8035	4807	1573692	46031	3767	7913	4870
F20107	CAGTC	IM18GECKA/06/008	IM18GECKA/06/008_a	GECKA04	250	F2	44,09	-7,55	71	4820	2	2018	October	05/10/2018	4911276	4840546	4464653	2042683	1867593	76,05327007	1842453	46157	3837	7874	4412	1847513	46083	3869	8111	4797	1848794	46146	3809	8083	4923
F20113	GCATT	IM18GECKA/06/012	IM18GECKA/06/012_a	GECKA04	250	F2	43,69	-6,29	67	3350	1	2018	October	09/10/2018	5628580	5202974	4787691	2049442	1872239	66,52615757	1850832	46162	3809	7819	4354	1856090	46123	3834	8006	4726	1857427	46180	3771	7925	4827
F20162	AACCC	IM18GECKA/06/007	IM18GECKA/06/007_a	GECKA06	250	F2	44	-7,58	59	3250	1	2018	October	05/10/2018	5157418	5135600	4793177	2252579	2030952	78,75847953	2001935	46323	3837	7898	4426	2007319	46244	3858	8050	4756	2008813	46297	3783	7947	4859
F20172	CATGA	IM18GECKA/06/004	IM18GECKA/06/004_a	GECKA06	250	F2	43,84	-7,92	84	8950	2	2018	September	27/09/2018	6871710	6759745	6321880	2941121	2603538	75,77554932	2554269	46704	4000	8248	4616	2560737	46646	4038	8437	5035	2562351	46739	3961	8337	5096
F20176	CTTCC	IM18GECKA/06/011	IM18GECKA/06/011_a	GECKA06	250	F2	43,76	-6,29	66	2280	2	2018	October	09/10/2018	3718904	3605911	3359274	1537348	1403729	75,49154267	1390420	45840	3704	7562	4236	1393847	45788	3724	7667	4556	1394964	45844	3651	7587	4665
F20178	GCCGG	IM18GECKA/06/010	IM18GECKA/06/010_a	GECKA06	250	F2	43,92	-6,75	88	9200	2	2018	October	08/10/2018	5938854	5688105	5306257	2400153	2163431	72,85685083	2124458	46317	3834	7854	4366	2130407	46229	3894	8085	4775	2132090	46305	3800	7960	4864
F20180	GCTAA	IM18GECKA/06/017	IM18GECKA/06/017_a	GECKA06	250	F2	43,55	-3,88	38	964	1	2018	October	19/10/2018	5076522	4872696	4549833	2061581	1862347	73,37098116	1834495	46130	3781	7730	4357	1839253	46053	3804	7900	4752	1840705	46120	3748	7845	4877
F20190	TTGGC	IM18GECKA/06/018	IM18GECKA/06/018_a	GECKA06	250	F2	43,55	-3,88	34	814	1	2018	October	19/10/2018	5120092	5073600	4741525	2218657	2003079	78,24386749	1972342	46330	3911	8007	4467	1977451	46264	3933	8203	4846	1978888	46329	3861	8126	4991
F20191	TTTTA	IM18GECKA/06/016	IM18GECKA/06/016_a	GECKA06	250	F2	43,47	-4,31	43	1334	1	2018	October	19/10/2018	4106936	4023320	3754779	1737372	1581212	77,00202779	1559076	46120	3769	7700	4357	1562787	46056	3781	7827	4684	1563844	46099	3725	7736	4789
F20207	CTCTT	IM18GECKA/06/015	IM18GECKA/06/015_a	GECKA07	500	F2	43,48	-4,73	39	896	2	2018	October	15/10/2018	5421524	4879212	4470624	1851687	1692152	62,42348093	1655780	46314	3945	8169	4534	1659374	46201	3956	8338	4902	1661085	46271	3902	8306	4990
F20212	GCTAA	IM18GECKA/06/009	IM18GECKA/06/009_a	GECKA07	500	F2	43,96	-7,19	19	100	0	2018	October	05/10/2018	5804976	5565649	5108282	2268080	2061143	71,01297232	2031217	46350	3816	7836	4398	2034563	46295	3845	8016	4783	2035971	46353	3786	7941	4925
F20219	TGACC	IM18GECKA/06/014	IM18GECKA/06/014_a	GECKA07	500	F2	43,63	-5,39	12	26	0	2018	October	13/10/2018	2972098	2885688	2644881	1186919	1096519	73,78753998	1080574	45543	3636	7385	4161	1082353	45464	3678	7569	4540	1083173	45509	3622	7503	4662
G0098	AACCC	IM18GECKA/05/003	IM18GECKA/05/003_a	GECKA04	250	G	37,66	-9,15	73,9	5460	2	2018	July	29/07/2018	9182546	9143026	8480095	3937175	3504967	76,33976459	3416611	49073	4925	10145	5683	3427449	49053	4932	10443	6150	3429971	49187	4830	10336	6199
G0099	AAGGG	IM18GECKA/06/002	IM18GECKA/06/002_a	GECKA04	250	G	42,71	-9,58	122	20750	2	2018	September	25/09/2018	5185074	5054329	4685692	2133875	1944845	75,01705858	1917301	46209	3888	8005	4474	1922351	46164	3902	8170	4855	1923719	46229	3836	8137	4962
G0100	AATTT	IM18GECKA/05/001	IM18GECKA/05/001_a	GECKA04	250	G	37,7	-9,32	84,7	8200	1	2018	July	28/07/2018	6034334	5543263	5141229	2207986	2007695	66,54238894	1964625	46624	3813	7836	4396	1970272	46551	3868	8116	4876	1972013	46626	3795	8034	4975
G0101	ACGTA	IM18GECKA/05/002	IM18GECKA/05/002_a	GECKA04	250	G	37,66	-9,15	71,4	5490	2	2018	July	29/07/2018	5417782	5379640	4975468	2297497	2094860	77,33275351	2069611	46097	4765	9773	5431	2075512	46026	4779	9978	5829	2076834	46128	4674	9861	5896
G0109	CCAAC	IM18GECKA/05/004	IM18GECKA/05/004_a	GECKA04	250	G	36,77	-9,01	124,8	24980	2	2018	July	31/07/2018	5413692	5353533	4948536	2277239	2073582	76,60509685	2043575	46401	3896	8033	4514	2049062	46355	3916	8221	4885	2050804	46418	3857	8190	5031
G0152	GGTTC	IM18GECKA/06/003	IM18GECKA/06/003_a	GECKA05	500	G	42,94	-9,56	73	5326	2	2018	September	25/09/2018	3921208	3804776	3516637	1586477	1412862	72,06258888	1394904	46047	3777	7708	4322	1398751	45964	3816	7899	4715	1400007	46021	3739	7802	4835
G0179	GCGCC	IM18GECKA/06/001	IM18GECKA/06/001_b	GECKA06	250	G	42,29	-9,46	83	7545	2	2018	September	20/09/2018	4269782	4161430	3886011	1788338	1627246	76,22150264	1610787	46039	3812	7793	4383	1614977	45939	3861	8000	4785	1616236	46003	3787	7892	4875
MED0114	GCCGG	IM18GECKA/10/006	IM18GECKA/10/006_a	GECKA04	250	MED	40,52	24,53	21	128	0	2018	July	06/07/2003	6782890	6582047	6121276	2782322	2520353	74,31501911	2422400	55514	4900	10070	5669	2429652	55452	4924	10346	6156	2432008	55514	4843	10266	6293
MED0156	TGCAA	IM18GECKA/10/007	IM18GECKA/10/007_a	GECKA05	500	MED	40,37	25,09	40	955	0	2018	July	07/07/2003	4868558	4686270	4366581	1971657	1750200	71,89808563	1640598	60647	4985	10265	5775	1645833	60558	4983	10400	6140	1647073	60617	4930	10357	6300
MED0159	TTTTA	IM18GECKA/11/001	IM18GECKA/11/001_b	GECKA05	500	MED	42,1	3,41	12,5	27,3	0	2018	July	24/07/2018	5507794	5373703	4958157	2247268	1983540	72,02665895	1940671	46775	3631	7467	4188	1946034	46723	3667	7668	4576	1947446	46790	3609	7604	4725
MED0164	AATTT	IM18GECKA/10/005	IM18GECKA/10/005_a	GECKA06	250	MED	40,47	25,27	29,7	378	0	2018	July	06/07/2003	4607206	4227221	3968381	1725435	1571570	68,22225878	1490220	50819	4618	9462	5297	1494588	50779	4600	9561	5642	1496132	50825	4519	9433	5682
MED0200	ATTAG	IM18GECKA/11/002	IM18GECKA/11/002_a	GECKA07	500	MED	42,1	3,41	26,1	252,2	2	2018	July	24/07/2018	6090314	5945782	5484932	2489424	2254897	74,04862869	2217159	46432	3713	7647	4292	2220736	46412	3737	7791	4655	2222072	46492	3664	7752	4795
MED0216	GGTTC	IM18GECKA/11/003	IM18GECKA/11/003_a	GECKA07	500	MED	42,1	3,41	34,5	867,7	2	2018	July	24/07/2018	5770942	5606954	5158188	2323004	2110324	73,13620549	2071960	46255	3628	7433	4170	2075330	46205	3669	7666	4551	2076551	46261	3617	7637	4736
MED0257	AAAAA	IM18GECKA/10/003	IM18GECKA/10/003_a	GECKA09	500	MED	39,07	24,45	54,4	2840	0	2018	July	02/07/2018	11235456	10609961	9785127	4331281	3705205	65,95557848	3546167	50375	4778	9874	5493	3553598	50342	4795	10179	5955	3557552	50475	4708	10084	6049
MED0273	GCATT	IM18GECKA/10/001	IM18GECKA/10/001_a	GECKA09	500	MED	35,44	25,25	66,4	3250	2	2018	August	20/08/2010	6791394	6257920	5752525	2461261	2144904	63,16535309	2079462	49193	4647	9554	5350	2082720	49107	4664	9764	5736	2084526	49207	4571	9685	5808
MED0280	GGTTC	IM18GECKA/10/004	IM18GECKA/10/004_a	GECKA09	500	MED	38,73	24,37	N/A	N/A	0	2018	July	04/07/2018	8057948	7681377	7132005	3192733	2752538	68,31858433	2593158	57250	3038	6365	3608	2597472	57190	3092	6600	4013	2599271	57234	3051	6622	4215
MED0285	TGGTT	IM18GECKA/10/002	IM18GECKA/10/002_a	GECKA09	500	MED	38,94	24,29	43,8	3220	0	2018	July	02/07/2018	6007214	5658831	5203243	2283730	1995816	66,44730819	1903692	52917	2862	5930	3365	1906115	52816	2940	6211	3792	1907011	52838	2901	6191	3982
